  4.4006385e-002	  4.1006200e-002	  4.3828748e-002	  5.1491212e-002	  5.5988710e-002	  5.7516251e-002	  5.7920959e-002	  5.8073234e-002	  5.8122616e-002	  5.8095824e-002	  5.8007784e-002	  5.7875756e-002	  5.7692897e-002	  5.7416189e-002	  5.6757029e-002	
  3.8415290e-002	  3.6209762e-002	  4.3326907e-002	  5.0739244e-002	  5.5263206e-002	  5.6675721e-002	  5.7170212e-002	  5.7402577e-002	  5.7527430e-002	  5.7575680e-002	  5.7557687e-002	  5.7492010e-002	  5.7378355e-002	  5.7187263e-002	  5.6690451e-002	
  2.7033478e-002	  2.6923191e-002	  3.7412588e-002	  4.4269025e-002	  4.7836255e-002	  4.9069352e-002	  4.9597412e-002	  4.9883753e-002	  5.0074361e-002	  5.0188843e-002	  5.0230339e-002	  5.0218664e-002	  5.0158720e-002	  5.0028976e-002	  4.9641445e-002	
  1.5564666e-002	  1.9645838e-002	  3.0773865e-002	  3.6911029e-002	  3.9198209e-002	  4.0182900e-002	  4.0697161e-002	  4.1003313e-002	  4.1231465e-002	  4.1390751e-002	  4.1474070e-002	  4.1498479e-002	  4.1469511e-002	  4.1364368e-002	  4.0972333e-002	
 -1.3086080e-002	 -3.5214361e-003	  5.4193772e-003	  9.3893865e-003	  1.0996858e-002	  1.1802250e-002	  1.2273484e-002	  1.2576411e-002	  1.2815407e-002	  1.2991234e-002	  1.3089304e-002	  1.3124712e-002	  1.3101189e-002	  1.2990015e-002	  1.2538478e-002	
 -3.1287141e-002	 -1.8514642e-002	 -1.3580607e-002	 -1.1515601e-002	 -1.0478973e-002	 -9.8664341e-003	 -9.4622467e-003	 -9.1829943e-003	 -8.9572659e-003	 -8.7902872e-003	 -8.7020975e-003	 -8.6838538e-003	 -8.7419869e-003	 -8.9358957e-003	 -9.7210472e-003	
 -2.4870899e-002	 -1.6665550e-002	 -1.4404521e-002	 -1.3269278e-002	 -1.2619557e-002	 -1.2188033e-002	 -1.1897229e-002	 -1.1697435e-002	 -1.1545670e-002	 -1.1450648e-002	 -1.1432213e-002	 -1.1489831e-002	 -1.1647505e-002	 -1.2017696e-002	 -1.3355973e-002	
 -2.0096347e-002	 -1.7776713e-002	 -1.6624412e-002	 -1.5929192e-002	 -1.5485933e-002	 -1.5198551e-002	 -1.5018661e-002	 -1.4910860e-002	 -1.4851706e-002	 -1.4857231e-002	 -1.4941754e-002	 -1.5108837e-002	 -1.5399154e-002	 -1.5988223e-002	 -1.7932121e-002	
 -4.0786769e-002	 -4.0332012e-002	 -4.0051773e-002	 -3.9882883e-002	 -3.9794840e-002	 -3.9764442e-002	 -3.9779246e-002	 -3.9828114e-002	 -3.9918318e-002	 -4.0072903e-002	 -4.0298898e-002	 -4.0606022e-002	 -4.1057535e-002	 -4.1910477e-002	 -4.4576015e-002	
 -6.4335585e-002	 -6.4926624e-002	 -6.5370984e-002	 -6.5759122e-002	 -6.6113852e-002	 -6.6445701e-002	 -6.6762984e-002	 -6.7072615e-002	 -6.7418620e-002	 -6.7835338e-002	 -6.8316713e-002	 -6.8876244e-002	 -6.9625027e-002	 -7.0927799e-002	 -7.4733026e-002	
 -5.9288148e-002	 -6.0429119e-002	 -6.1287694e-002	 -6.2019087e-002	 -6.2668294e-002	 -6.3258976e-002	 -6.3808292e-002	 -6.4331397e-002	 -6.4894557e-002	 -6.5543279e-002	 -6.6270113e-002	 -6.7091949e-002	 -6.8179518e-002	 -7.0041269e-002	 -7.5294696e-002	
 -5.5641063e-002	 -5.7167556e-002	 -5.8295198e-002	 -5.9245925e-002	 -6.0090728e-002	 -6.0859047e-002	 -6.1573107e-002	 -6.2252488e-002	 -6.2971674e-002	 -6.3782409e-002	 -6.4680234e-002	 -6.5688334e-002	 -6.7019902e-002	 -6.9247678e-002	 -7.5230643e-002	
 -4.2330775e-002	 -4.4068955e-002	 -4.5378514e-002	 -4.6481039e-002	 -4.7456823e-002	 -4.8341863e-002	 -4.9162231e-002	 -4.9941570e-002	 -5.0752126e-002	 -5.1644672e-002	 -5.2625425e-002	 -5.3728513e-002	 -5.5172388e-002	 -5.7563283e-002	 -6.3878790e-002	
 -4.8880614e-002	 -5.0710328e-002	 -5.2086566e-002	 -5.3240150e-002	 -5.4270104e-002	 -5.5206470e-002	 -5.6073472e-002	 -5.6893609e-002	 -5.7731561e-002	 -5.8635097e-002	 -5.9620731e-002	 -6.0722664e-002	 -6.2138528e-002	 -6.4403556e-002	 -7.0126399e-002	
 -2.0437745e-002	 -2.2230353e-002	 -2.3621513e-002	 -2.4785038e-002	 -2.5818177e-002	 -2.6748335e-002	 -2.7603723e-002	 -2.8407224e-002	 -2.9212460e-002	 -3.0064415e-002	 -3.0993249e-002	 -3.2021638e-002	 -3.3302899e-002	 -3.5315380e-002	 -4.0270120e-002	
 -2.9250025e-003	 -4.6594250e-003	 -6.0584545e-003	 -7.2305147e-003	 -8.2678832e-003	 -9.1742519e-003	 -1.0008921e-002	 -1.0786916e-002	 -1.1554543e-002	 -1.2361299e-002	 -1.3224873e-002	 -1.4169145e-002	 -1.5313759e-002	 -1.7044526e-002	 -2.1143658e-002	
  1.7273059e-002	  1.5579442e-002	  1.4174167e-002	  1.2960928e-002	  1.1896325e-002	  1.0944107e-002	  1.0087518e-002	  9.3014464e-003	  8.5312221e-003	  7.7485992e-003	  6.9210608e-003	  6.0488549e-003	  5.0220694e-003	  3.5336141e-003	  1.8593765e-004	
  2.1508818e-002	  1.9833313e-002	  1.8335942e-002	  1.7040581e-002	  1.5872717e-002	  1.4825369e-002	  1.3869855e-002	  1.3014565e-002	  1.2202550e-002	  1.1385971e-002	  1.0561503e-002	  9.7232675e-003	  8.7819146e-003	  7.4917809e-003	  4.8004086e-003	
  1.8293768e-002	  1.6617898e-002	  1.5032036e-002	  1.3469065e-002	  1.2107911e-002	  1.0862097e-002	  9.7417179e-003	  8.7020956e-003	  7.7192057e-003	  6.8042758e-003	  5.9210882e-003	  5.0902595e-003	  4.2154365e-003	  3.1040809e-003	  1.0296969e-003	
  4.7065042e-002	  4.5457602e-002	  4.3671671e-002	  4.1958600e-002	  4.0290363e-002	  3.8787484e-002	  3.7424296e-002	  3.6099408e-002	  3.4824543e-002	  3.3696484e-002	  3.2784078e-002	  3.1994559e-002	  3.1230088e-002	  3.0336540e-002	  2.8864879e-002	
  6.3736409e-002	  6.2238276e-002	  6.0408875e-002	  5.8445510e-002	  5.6611937e-002	  5.4761738e-002	  5.3144794e-002	  5.1473431e-002	  4.9818769e-002	  4.8741870e-002	  4.7923531e-002	  4.7266617e-002	  4.6656407e-002	  4.5990538e-002	  4.5067072e-002	
  6.3541226e-002	  6.2235989e-002	  6.0387336e-002	  5.8157325e-002	  5.6175526e-002	  5.4050792e-002	  5.2116401e-002	  4.9988218e-002	  4.8294894e-002	  4.7412924e-002	  4.6753846e-002	  4.6238549e-002	  4.5798272e-002	  4.5395538e-002	  4.5083962e-002	
  8.1612080e-002	  8.0616862e-002	  7.8588262e-002	  7.6189533e-002	  7.4030489e-002	  7.1765900e-002	  6.9610924e-002	  6.7246996e-002	  6.5762535e-002	  6.4894259e-002	  6.4323261e-002	  6.3942038e-002	  6.3692898e-002	  6.3593872e-002	  6.4005740e-002	
  7.9076551e-002	  7.8531444e-002	  7.6527186e-002	  7.3908448e-002	  7.1634695e-002	  6.9367453e-002	  6.7200765e-002	  6.5024033e-002	  6.3503698e-002	  6.2611610e-002	  6.2093545e-002	  6.1835032e-002	  6.1784647e-002	  6.1995294e-002	  6.2951811e-002	
  7.6458476e-002	  7.6388888e-002	  7.4499711e-002	  7.1783200e-002	  6.9405094e-002	  6.7209870e-002	  6.5240525e-002	  6.3376948e-002	  6.1967101e-002	  6.1026454e-002	  6.0464889e-002	  6.0298532e-002	  6.0498565e-002	  6.1079722e-002	  6.2681131e-002	
  6.5238044e-002	  6.5424666e-002	  6.3746139e-002	  6.0958572e-002	  5.8543116e-002	  5.6449413e-002	  5.4724682e-002	  5.3191032e-002	  5.1983420e-002	  5.1101957e-002	  5.0542712e-002	  5.0524473e-002	  5.1273718e-002	  5.2458674e-002	  5.5237275e-002	
  3.8783148e-002	  3.9008994e-002	  3.7567224e-002	  3.4702606e-002	  3.2322828e-002	  3.0407025e-002	  2.8964473e-002	  2.7789960e-002	  2.6873371e-002	  2.6174562e-002	  2.5712037e-002	  2.6096454e-002	  2.7818520e-002	  2.9828297e-002	  3.4231592e-002	
  2.5653869e-002	  2.5727311e-002	  2.4458766e-002	  2.1511685e-002	  1.9226030e-002	  1.7572951e-002	  1.6463377e-002	  1.5698778e-002	  1.5192752e-002	  1.4817570e-002	  1.4595266e-002	  1.5982036e-002	  1.8322578e-002	  2.0555716e-002	  2.4469214e-002	
  3.3952884e-002	  3.3651963e-002	  3.2327682e-002	  2.9335698e-002	  2.7187491e-002	  2.5851233e-002	  2.5111565e-002	  2.4781836e-002	  2.4750868e-002	  2.4804698e-002	  2.5052380e-002	  2.7670329e-002	  2.8997617e-002	  3.0510219e-002	  3.3012316e-002	
  1.0139093e-002	  9.4359964e-003	  8.0659799e-003	  4.8322994e-003	  2.8652658e-003	  1.9269784e-003	  1.6221667e-003	  1.7837193e-003	  2.2992739e-003	  2.8555004e-003	  3.7142406e-003	  6.2187030e-003	  6.8267426e-003	  7.5850375e-003	  8.9659374e-003	
 -2.6458686e-002	 -2.7520522e-002	 -2.9150924e-002	 -3.2519639e-002	 -3.4292649e-002	 -3.4775458e-002	 -3.4568321e-002	 -3.3870742e-002	 -3.2801650e-002	 -3.1680007e-002	 -3.0292841e-002	 -2.8707737e-002	 -2.8514884e-002	 -2.8273042e-002	 -2.7761701e-002	
 -4.3798465e-002	 -4.5208760e-002	 -4.7256973e-002	 -5.0809581e-002	 -5.2333817e-002	 -5.2294180e-002	 -5.1528376e-002	 -5.0276302e-002	 -4.8695061e-002	 -4.7044672e-002	 -4.5505024e-002	 -4.5201905e-002	 -4.5282133e-002	 -4.5343496e-002	 -4.5221075e-002	
 -3.4614414e-002	 -3.6534175e-002	 -3.8971312e-002	 -4.2703182e-002	 -4.3901306e-002	 -4.3319561e-002	 -4.1997969e-002	 -4.0254343e-002	 -3.8334124e-002	 -3.6371563e-002	 -3.5371564e-002	 -3.5820223e-002	 -3.6006529e-002	 -3.6148503e-002	 -3.6124099e-002	
 -3.0022144e-002	 -3.2471895e-002	 -3.5359688e-002	 -3.9134752e-002	 -3.9970577e-002	 -3.8837872e-002	 -3.7000492e-002	 -3.4875013e-002	 -3.2771543e-002	 -3.0947268e-002	 -3.1273946e-002	 -3.1487573e-002	 -3.1708926e-002	 -3.1899806e-002	 -3.1961851e-002	
 -5.3884018e-002	 -5.6925520e-002	 -6.0348496e-002	 -6.4139463e-002	 -6.4555876e-002	 -6.2938005e-002	 -6.0731441e-002	 -5.8472224e-002	 -5.6612484e-002	 -5.5832345e-002	 -5.6767523e-002	 -5.7016604e-002	 -5.7247289e-002	 -5.7475414e-002	 -5.7682030e-002	
 -6.6842377e-002	 -7.0619889e-002	 -7.4443825e-002	 -7.8180850e-002	 -7.8166321e-002	 -7.6255783e-002	 -7.3993638e-002	 -7.2112888e-002	 -7.1388006e-002	 -7.2664686e-002	 -7.3023140e-002	 -7.3362485e-002	 -7.3665679e-002	 -7.3916793e-002	 -7.3958002e-002	
 -7.1112342e-002	 -7.5526237e-002	 -7.9733714e-002	 -8.3268851e-002	 -8.2936987e-002	 -8.1111133e-002	 -7.9454899e-002	 -7.9218537e-002	 -8.1176654e-002	 -8.2011729e-002	 -8.2425311e-002	 -8.2746089e-002	 -8.2990989e-002	 -8.3127834e-002	 -8.2849696e-002	
 -5.1376872e-002	 -5.6379572e-002	 -6.1006069e-002	 -6.4283378e-002	 -6.3899353e-002	 -6.2786482e-002	 -6.3168302e-002	 -6.6739157e-002	 -6.8103060e-002	 -6.8605527e-002	 -6.9009870e-002	 -6.9318861e-002	 -6.9527447e-002	 -6.9578417e-002	 -6.9019191e-002	
 -3.8312279e-002	 -4.3702058e-002	 -4.8690069e-002	 -5.1855698e-002	 -5.1824100e-002	 -5.2293718e-002	 -5.7189360e-002	 -6.0755439e-002	 -6.1392657e-002	 -6.1863795e-002	 -6.2241301e-002	 -6.2511995e-002	 -6.2661320e-002	 -6.2600538e-002	 -6.1679147e-002	
 -2.2963637e-002	 -2.8498059e-002	 -3.3775687e-002	 -3.6928385e-002	 -3.7662789e-002	 -4.1387081e-002	 -4.9968585e-002	 -5.0825424e-002	 -5.1397759e-002	 -5.1901329e-002	 -5.2337050e-002	 -5.2686274e-002	 -5.2954532e-002	 -5.3123266e-002	 -5.2987650e-002	
  1.0993314e-002	  5.4627350e-003	  2.0221081e-005	 -3.1608429e-003	 -5.0463998e-003	 -1.3194870e-002	 -2.0402657e-002	 -2.1220200e-002	 -2.1819349e-002	 -2.2357900e-002	 -2.2857457e-002	 -2.3306368e-002	 -2.3728730e-002	 -2.4161592e-002	 -2.4739277e-002	
  3.8175453e-002	  3.2739908e-002	  2.7374560e-002	  2.4255766e-002	  2.1090804e-002	  1.0059681e-002	  5.2003292e-003	  4.2198943e-003	  3.5222224e-003	  2.9106271e-003	  2.3443042e-003	  1.8364056e-003	  1.3644373e-003	  9.0295303e-004	  4.2372211e-004	
  4.7417343e-002	  4.2203505e-002	  3.7184127e-002	  3.4318153e-002	  2.9861232e-002	  1.8086361e-002	  1.4978716e-002	  1.4023065e-002	  1.3339583e-002	  1.2736529e-002	  1.2207894e-002	  1.1769842e-002	  1.1421319e-002	  1.1210348e-002	  1.1610634e-002	
  5.6679867e-002	  5.1825747e-002	  4.7356173e-002	  4.4890963e-002	  3.9022606e-002	  2.8126026e-002	  2.6585760e-002	  2.5795294e-002	  2.5189297e-002	  2.4675297e-002	  2.4265952e-002	  2.3979424e-002	  2.3834048e-002	  2.3933006e-002	  2.5048038e-002	
  6.2288288e-002	  5.7869494e-002	  5.4081377e-002	  5.2116223e-002	  4.5294531e-002	  3.7515827e-002	  3.6366075e-002	  3.5758201e-002	  3.5310201e-002	  3.4945387e-002	  3.4686171e-002	  3.4553662e-002	  3.4587331e-002	  3.4942623e-002	  3.6695264e-002	
  5.3774986e-002	  4.9806800e-002	  4.6769273e-002	  4.5292050e-002	  3.8441457e-002	  3.4057349e-002	  3.3290461e-002	  3.2830231e-002	  3.2474175e-002	  3.2191489e-002	  3.2004409e-002	  3.1923659e-002	  3.1970270e-002	  3.2231282e-002	  3.3267949e-002	
  6.1913040e-002	  5.8405899e-002	  5.6168638e-002	  5.5139016e-002	  4.9369246e-002	  4.7896970e-002	  4.7359977e-002	  4.6980847e-002	  4.6651322e-002	  4.6355642e-002	  4.6113759e-002	  4.5930441e-002	  4.5800176e-002	  4.5729827e-002	  4.5797501e-002	
  7.7931538e-002	  7.4863777e-002	  7.3519692e-002	  7.3121414e-002	  7.0017509e-002	  6.9497973e-002	  6.9146037e-002	  6.8844527e-002	  6.8547979e-002	  6.8251282e-002	  6.7980528e-002	  6.7747995e-002	  6.7549825e-002	  6.7391902e-002	  6.7366853e-002	
  7.1599320e-002	  6.9046065e-002	  6.9012627e-002	  6.9709003e-002	  6.8811499e-002	  6.8494536e-002	  6.8228133e-002	  6.7985535e-002	  6.7736328e-002	  6.7480028e-002	  6.7245424e-002	  6.7047670e-002	  6.6890791e-002	  6.6798657e-002	  6.6973552e-002	
  6.1708912e-002	  5.9900746e-002	  6.2007241e-002	  6.3749224e-002	  6.3729644e-002	  6.3598923e-002	  6.3446574e-002	  6.3289590e-002	  6.3120946e-002	  6.2945805e-002	  6.2796846e-002	  6.2696658e-002	  6.2672295e-002	  6.2811710e-002	  6.3733578e-002	
  6.1067637e-002	  6.0776096e-002	  6.5282643e-002	  6.7126848e-002	  6.7327753e-002	  6.7350671e-002	  6.7325093e-002	  6.7289457e-002	  6.7254141e-002	  6.7236260e-002	  6.7267731e-002	  6.7379534e-002	  6.7638315e-002	  6.8298161e-002	  7.0753768e-002	
  1.8015990e-002	  2.1206150e-002	  2.6148906e-002	  2.7522830e-002	  2.7960666e-002	  2.8167769e-002	  2.8297722e-002	  2.8406665e-002	  2.8531656e-002	  2.8708296e-002	  2.8959626e-002	  2.9318985e-002	  2.9910170e-002	  3.1103015e-002	  3.4657113e-002	
  1.2053417e-003	  8.3409585e-003	  1.1598374e-002	  1.2816333e-002	  1.3392379e-002	  1.3762082e-002	  1.4039085e-002	  1.4279957e-002	  1.4549035e-002	  1.4888464e-002	  1.5304117e-002	  1.5828934e-002	  1.6603982e-002	  1.8029103e-002	  2.2008205e-002	
  6.0827127e-003	  1.2834013e-002	  1.5010885e-002	  1.6019991e-002	  1.6629791e-002	  1.7074017e-002	  1.7433139e-002	  1.7753722e-002	  1.8109843e-002	  1.8546788e-002	  1.9067807e-002	  1.9713556e-002	  2.0658907e-002	  2.2409255e-002	  2.7240800e-002	
 -7.5147692e-003	 -3.7581141e-003	 -2.0984840e-003	 -1.1347070e-003	 -4.7376094e-004	  3.8884129e-005	  4.7931122e-004	  8.8021380e-004	  1.3339611e-003	  1.9054617e-003	  2.6076790e-003	  3.5202682e-003	  4.8985467e-003	  7.4780309e-003	  1.3738009e-002	
 -1.8082369e-002	 -1.5650623e-002	 -1.4274919e-002	 -1.3325960e-002	 -1.2583657e-002	 -1.1959683e-002	 -1.1399299e-002	 -1.0865591e-002	 -1.0250811e-002	 -9.4663883e-003	 -8.5071372e-003	 -7.3038563e-003	 -5.6148604e-003	 -2.8261035e-003	  2.8935776e-003	
 -4.2981543e-002	 -4.2030692e-002	 -4.1290931e-002	 -4.0660188e-002	 -4.0093064e-002	 -3.9558567e-002	 -3.9050005e-002	 -3.8553424e-002	 -3.7980035e-002	 -3.7265912e-002	 -3.6429606e-002	 -3.5447136e-002	 -3.4164995e-002	 -3.2173544e-002	 -2.8039696e-002	
 -7.2144315e-002	 -7.2016776e-002	 -7.1844727e-002	 -7.1649216e-002	 -7.1436644e-002	 -7.1211755e-002	 -7.0975445e-002	 -7.0729055e-002	 -7.0436209e-002	 -7.0063859e-002	 -6.9611408e-002	 -6.9074675e-002	 -6.8360835e-002	 -6.7216039e-002	 -6.4551324e-002	
 -5.1372170e-002	 -5.1887654e-002	 -5.2178908e-002	 -5.2359998e-002	 -5.2471429e-002	 -5.2532993e-002	 -5.2555464e-002	 -5.2547678e-002	 -5.2508771e-002	 -5.2425243e-002	 -5.2290410e-002	 -5.2095041e-002	 -5.1792298e-002	 -5.1234789e-002	 -4.9680386e-002	
 -3.7050217e-002	 -3.8023561e-002	 -3.8658671e-002	 -3.9127626e-002	 -3.9493643e-002	 -3.9783869e-002	 -4.0014513e-002	 -4.0199585e-002	 -4.0361613e-002	 -4.0500376e-002	 -4.0599108e-002	 -4.0653132e-002	 -4.0653493e-002	 -4.0551171e-002	 -4.0044852e-002	
 -5.8256246e-002	 -5.9615556e-002	 -6.0527369e-002	 -6.1231256e-002	 -6.1801255e-002	 -6.2272903e-002	 -6.2667832e-002	 -6.3004933e-002	 -6.3319772e-002	 -6.3623592e-002	 -6.3896582e-002	 -6.4132139e-002	 -6.4348109e-002	 -6.4560622e-002	 -6.4750820e-002	
 -6.2769502e-002	 -6.4499773e-002	 -6.5665476e-002	 -6.6555560e-002	 -6.7284986e-002	 -6.7898586e-002	 -6.8421245e-002	 -6.8875462e-002	 -6.9302663e-002	 -6.9718897e-002	 -7.0107758e-002	 -7.0462197e-002	 -7.0812479e-002	 -7.1217477e-002	 -7.1825430e-002	
 -4.6405274e-002	 -4.8362970e-002	 -4.9729861e-002	 -5.0774872e-002	 -5.1639348e-002	 -5.2373379e-002	 -5.3004101e-002	 -5.3556710e-002	 -5.4074053e-002	 -5.4577410e-002	 -5.5057503e-002	 -5.5507377e-002	 -5.5970650e-002	 -5.6545801e-002	 -5.7582837e-002	
 -2.9974595e-002	 -3.2128498e-002	 -3.3645082e-002	 -3.4818910e-002	 -3.5782002e-002	 -3.6602456e-002	 -3.7312135e-002	 -3.7937663e-002	 -3.8520023e-002	 -3.9083481e-002	 -3.9624687e-002	 -4.0135816e-002	 -4.0660985e-002	 -4.1318670e-002	 -4.2475380e-002	
 -1.8586500e-002	 -2.0826917e-002	 -2.2407047e-002	 -2.3657341e-002	 -2.4678323e-002	 -2.5544751e-002	 -2.6290208e-002	 -2.6942702e-002	 -2.7539622e-002	 -2.8104655e-002	 -2.8635630e-002	 -2.9124383e-002	 -2.9620282e-002	 -3.0195676e-002	 -3.1002257e-002	
 -5.2769044e-003	 -7.5673959e-003	 -9.1365855e-003	 -1.0372603e-002	 -1.1377445e-002	 -1.2217946e-002	 -1.2933755e-002	 -1.3552867e-002	 -1.4106890e-002	 -1.4621485e-002	 -1.5103690e-002	 -1.5546422e-002	 -1.5977206e-002	 -1.6418042e-002	 -1.6804427e-002	
  8.5266670e-003	  6.3869283e-003	  4.8559988e-003	  3.6806241e-003	  2.7082271e-003	  1.9139075e-003	  1.2445302e-003	  6.6539651e-004	  1.6180800e-004	 -3.0148390e-004	 -7.1185909e-004	 -1.0541354e-003	 -1.3115272e-003	 -1.4043271e-003	 -1.1269097e-003	
  1.8728934e-002	  1.6818047e-002	  1.5413775e-002	  1.4298971e-002	  1.3419933e-002	  1.2702687e-002	  1.2112465e-002	  1.1629284e-002	  1.1225458e-002	  1.0901702e-002	  1.0700186e-002	  1.0672757e-002	  1.0911503e-002	  1.1633525e-002	  1.3471537e-002	
  5.2457236e-002	  5.0782893e-002	  4.9520753e-002	  4.8548702e-002	  4.7775719e-002	  4.7177043e-002	  4.6731465e-002	  4.6417467e-002	  4.6228491e-002	  4.6184771e-002	  4.6354532e-002	  4.6815857e-002	  4.7686156e-002	  4.9267691e-002	  5.2747253e-002	
  6.2053531e-002	  6.0770817e-002	  5.9653744e-002	  5.8843039e-002	  5.8267131e-002	  5.7903793e-002	  5.7761844e-002	  5.7859913e-002	  5.8290329e-002	  5.9276793e-002	  6.0788367e-002	  6.2520362e-002	  6.4377949e-002	  6.6945739e-002	  7.1455538e-002	
  3.3789143e-002	  3.2683060e-002	  3.1722222e-002	  3.1097185e-002	  3.0887591e-002	  3.1209644e-002	  3.2391559e-002	  3.4954041e-002	  4.0497899e-002	  5.0221246e-002	  6.2823385e-002	  7.6731339e-002	  8.8793240e-002	  9.8545559e-002	  1.0955792e-001	
  4.3610658e-002	  4.2632364e-002	  4.1717015e-002	  4.1311793e-002	  4.1617438e-002	  4.3003540e-002	  4.6230510e-002	  5.2058361e-002	  6.4178042e-002	  8.2601972e-002	  1.0702351e-001	  1.3805735e-001	  1.7542942e-001	  2.0705739e-001	  2.2263460e-001	
  3.9385203e-002	  3.8566194e-002	  3.7551943e-002	  3.6983855e-002	  3.7165761e-002	  3.8399547e-002	  4.1185085e-002	  4.6026580e-002	  5.7095353e-002	  7.5782448e-002	  9.9537417e-002	  1.4181824e-001	  2.0504574e-001	  2.2931077e-001	  2.4275972e-001	
  2.2840396e-002	  2.2075586e-002	  2.0923495e-002	  2.0063741e-002	  2.0025071e-002	  2.1052707e-002	  2.3483211e-002	  2.7918959e-002	  3.8494598e-002	  5.9106726e-002	  9.7648777e-002	  1.5243243e-001	  2.0237733e-001	  2.3050526e-001	  2.5396371e-001	
  2.8152335e-002	  2.7263045e-002	  2.5854610e-002	  2.4635933e-002	  2.4444442e-002	  2.5458097e-002	  2.8024456e-002	  3.3013027e-002	  4.5113098e-002	  7.2625056e-002	  1.2046943e-001	  1.7084049e-001	  2.2023477e-001	  2.6574290e-001	  3.0495659e-001	
  1.7520666e-002	  1.6456990e-002	  1.4738658e-002	  1.3094122e-002	  1.2793586e-002	  1.3943032e-002	  1.7001018e-002	  2.3019979e-002	  3.6927167e-002	  6.8122208e-002	  1.1556030e-001	  1.6495734e-001	  2.2213803e-001	  2.6872426e-001	  2.9686472e-001	
 -1.0814444e-002	 -1.2106257e-002	 -1.4219596e-002	 -1.6171299e-002	 -1.6342986e-002	 -1.4566217e-002	 -1.0018012e-002	 -1.5764592e-003	  1.5790369e-002	  4.8885394e-002	  9.7983308e-002	  1.5385839e-001	  2.0821227e-001	  2.4022792e-001	  2.6574126e-001	
 -3.1127265e-002	 -3.2806300e-002	 -3.5434492e-002	 -3.7396908e-002	 -3.6905803e-002	 -3.3493701e-002	 -2.5860764e-002	 -1.2428626e-002	  1.0229734e-002	  4.5254786e-002	  9.6694387e-002	  1.4686739e-001	  1.9167008e-001	  2.3172672e-001	  2.8022650e-001	
 -5.0316438e-002	 -5.2533343e-002	 -5.5807523e-002	 -5.7549290e-002	 -5.5954292e-002	 -5.0294202e-002	 -3.8836293e-002	 -2.0022536e-002	  4.7072163e-003	  3.6274996e-002	  7.9721741e-002	  1.2850201e-001	  1.7546353e-001	  2.3084904e-001	  3.1286305e-001	
 -7.0831776e-002	 -7.3800325e-002	 -7.7886254e-002	 -7.9635248e-002	 -7.7219978e-002	 -6.9844976e-002	 -5.4882534e-002	 -3.1711437e-002	 -8.0271875e-003	  1.4318711e-002	  5.2195977e-002	  9.9547230e-002	  1.5072827e-001	  2.2214249e-001	  3.2810399e-001	
 -6.3984841e-002	 -6.8508282e-002	 -7.3395610e-002	 -7.5409517e-002	 -7.2618946e-002	 -6.3914075e-002	 -4.5423321e-002	 -2.2325816e-002	 -8.5096915e-005	  2.3228010e-002	  5.5168580e-002	  9.9620372e-002	  1.5198566e-001	  2.3729564e-001	  3.5616675e-001	
 -8.1379429e-002	 -8.7763257e-002	 -9.3602985e-002	 -9.6190050e-002	 -9.3618765e-002	 -8.4430568e-002	 -6.5193631e-002	 -4.2645775e-002	 -1.9020204e-002	  6.6914367e-003	  3.7310697e-002	  7.7774882e-002	  1.2987261e-001	  2.3403887e-001	  3.6730680e-001	
 -1.2868774e-001	 -1.3707283e-001	 -1.4405832e-001	 -1.4743078e-001	 -1.4587857e-001	 -1.3773564e-001	 -1.2007950e-001	 -9.7316243e-002	 -7.2048187e-002	 -4.2929448e-002	 -1.2513623e-002	  2.5207471e-002	  7.7486828e-002	  1.9828661e-001	  3.3513239e-001	
 -1.3055305e-001	 -1.4121856e-001	 -1.4967626e-001	 -1.5457237e-001	 -1.5505832e-001	 -1.4971420e-001	 -1.3572784e-001	 -1.1355703e-001	 -8.5913301e-002	 -5.2913301e-002	 -2.0752411e-002	  1.6209114e-002	  6.8349719e-002	  1.9786890e-001	  3.1513813e-001	
 -1.0285933e-001	 -1.1607478e-001	 -1.2588477e-001	 -1.3204232e-001	 -1.3463280e-001	 -1.3232440e-001	 -1.2181467e-001	 -1.0173647e-001	 -7.2756693e-002	 -3.9411038e-002	 -3.7793189e-003	  3.4452491e-002	  8.9273416e-002	  2.2319268e-001	  3.2410541e-001	
 -1.0129738e-001	 -1.1648218e-001	 -1.2764606e-001	 -1.3477907e-001	 -1.3922352e-001	 -1.3941839e-001	 -1.3105389e-001	 -1.1268210e-001	 -8.5496202e-002	 -5.6788977e-002	 -1.8143406e-002	  2.3429642e-002	  8.1810817e-002	  2.2401635e-001	  3.1297666e-001	
 -1.0301797e-001	 -1.1882470e-001	 -1.3110529e-001	 -1.3939787e-001	 -1.4566982e-001	 -1.4815113e-001	 -1.4126493e-001	 -1.2109493e-001	 -9.7073317e-002	 -7.5264700e-002	 -4.7719769e-002	  2.9288894e-003	  6.6949621e-002	  2.1643816e-001	  2.9852062e-001	
 -8.8286929e-002	 -1.0326520e-001	 -1.1595394e-001	 -1.2537649e-001	 -1.3384695e-001	 -1.3909137e-001	 -1.3493948e-001	 -1.1471951e-001	 -9.6389972e-002	 -8.2746252e-002	 -5.8370367e-002	 -2.1455754e-002	  4.7830701e-002	  1.9141625e-001	  2.9775104e-001	
 -6.8757772e-002	 -8.1706449e-002	 -9.3886167e-002	 -1.0375468e-001	 -1.1403086e-001	 -1.2254894e-001	 -1.2349522e-001	 -1.0961203e-001	 -9.7312436e-002	 -8.6642072e-002	 -6.7139335e-002	 -2.6424786e-002	  5.1628415e-002	  1.9042686e-001	  2.7992076e-001	
 -5.6409657e-002	 -6.6929683e-002	 -7.7647492e-002	 -8.7504305e-002	 -9.8463863e-002	 -1.1004185e-001	 -1.1718479e-001	 -1.1161213e-001	 -1.0310407e-001	 -9.4900310e-002	 -7.0273019e-002	 -2.1659793e-002	  6.7269206e-002	  1.9324781e-001	  2.6463157e-001	
 -3.0794607e-002	 -3.9361872e-002	 -4.7956377e-002	 -5.7554424e-002	 -6.8151347e-002	 -8.0945790e-002	 -9.2254817e-002	 -9.6130595e-002	 -9.2804760e-002	 -8.6493358e-002	 -5.9690513e-002	 -3.9307927e-003	  8.4029585e-002	  2.0980968e-001	  2.5598085e-001	
 -1.6213637e-002	 -2.3103936e-002	 -2.9841674e-002	 -3.8681310e-002	 -4.8808936e-002	 -6.1616044e-002	 -7.4528582e-002	 -8.4640458e-002	 -8.7291129e-002	 -8.2719304e-002	 -5.3973690e-002	  1.5352368e-002	  1.0091781e-001	  2.2793581e-001	  2.7510989e-001	
 -2.0611964e-002	 -2.5855105e-002	 -3.1160548e-002	 -3.8786009e-002	 -4.8226699e-002	 -6.1075918e-002	 -7.5160176e-002	 -8.8590138e-002	 -9.6506834e-002	 -9.3668759e-002	 -5.7319731e-002	  2.4867944e-002	  1.1549085e-001	  2.5573608e-001	  3.1509969e-001	
  2.1021545e-002	  1.7118821e-002	  1.3157786e-002	  7.1386709e-003	 -1.2444172e-003	 -1.3656383e-002	 -2.8156942e-002	 -4.3024778e-002	 -5.4518417e-002	 -5.4448530e-002	 -1.0496621e-002	  6.2421452e-002	  1.5445536e-001	  3.0744776e-001	  3.7071460e-001	
  3.7822932e-002	  3.5192408e-002	  3.2802530e-002	  2.8742066e-002	  2.1741442e-002	  1.0353853e-002	 -3.9048216e-003	 -1.9276263e-002	 -3.2400124e-002	 -3.4204550e-002	  1.4139798e-002	  7.5413197e-002	  1.5918215e-001	  3.1352842e-001	  3.8565272e-001	
  3.2849684e-002	  3.1662710e-002	  3.1026887e-002	  2.9107628e-002	  2.3895005e-002	  1.3974570e-002	  4.3198242e-004	 -1.5228382e-002	 -2.9336456e-002	 -3.1168628e-002	  2.4173243e-002	  8.2878299e-002	  1.6028602e-001	  3.1816137e-001	  4.0107146e-001	
  3.5865255e-002	  3.6145866e-002	  3.7238821e-002	  3.7526727e-002	  3.4491654e-002	  2.6945511e-002	  1.5554096e-002	  1.2225505e-003	 -1.3430470e-002	 -1.4110330e-002	  4.5027159e-002	  1.0273119e-001	  1.7107506e-001	  3.3407980e-001	  4.2943022e-001	
 -1.5406429e-003	  1.4841954e-004	  2.9625637e-003	  5.4884581e-003	  4.8962845e-003	  3.9203759e-004	 -7.6804454e-003	 -1.9405346e-002	 -3.3254452e-002	 -3.1354092e-002	  2.9261949e-002	  8.6109526e-002	  1.4436474e-001	  3.2523623e-001	  3.9408073e-001	
 -1.5227430e-002	 -1.2190750e-002	 -7.6966481e-003	 -2.9995667e-003	 -9.8549784e-004	 -2.1213831e-003	 -6.5095881e-003	 -1.4934980e-002	 -2.6760181e-002	 -2.0443007e-002	  4.2280056e-002	  9.7697914e-002	  1.5395601e-001	  3.4023130e-001	  3.9076912e-001	
 -1.3985152e-002	 -9.7638452e-003	 -3.7949632e-003	  2.7506377e-003	  7.1932822e-003	  9.2389248e-003	  8.2418798e-003	  3.7434010e-003	 -4.0793451e-003	  6.2531335e-003	  6.7768879e-002	  1.2265058e-001	  1.7738888e-001	  3.5212675e-001	  3.9970985e-001	
 -2.0235971e-002	 -1.5037201e-002	 -7.8776460e-003	  9.7042357e-005	  6.5335562e-003	  1.1252871e-002	  1.3158369e-002	  1.2249640e-002	  8.9647695e-003	  2.3518667e-002	  8.3884411e-002	  1.4079736e-001	  1.9434655e-001	  3.4715411e-001	  3.9844126e-001	
 -4.3474331e-002	 -3.7588686e-002	 -2.9433582e-002	 -2.0311018e-002	 -1.2261833e-002	 -5.3311642e-003	 -1.0152948e-003	  1.0257240e-003	  1.6902925e-003	  2.0647509e-002	  8.3396949e-002	  1.4125977e-001	  2.0538372e-001	  3.3852461e-001	  3.8527381e-001	
 -8.2812637e-002	 -7.6683119e-002	 -6.7742459e-002	 -5.7728089e-002	 -4.8332967e-002	 -3.9616361e-002	 -3.3399053e-002	 -2.9282589e-002	 -2.5760917e-002	 -2.5240330e-003	  6.4247198e-002	  1.2106863e-001	  1.9963770e-001	  3.1145373e-001	  3.5754925e-001	
 -1.1504887e-001	 -1.0901256e-001	 -9.9576563e-002	 -8.8974737e-002	 -7.8397997e-002	 -6.8312243e-002	 -6.0909454e-002	 -5.5925786e-002	 -4.9964942e-002	 -2.1931386e-002	  4.9821164e-002	  1.0514485e-001	  1.9406828e-001	  2.8520241e-001	  3.4639183e-001	
 -1.2282459e-001	 -1.1712323e-001	 -1.0727289e-001	 -9.6192569e-002	 -8.4782697e-002	 -7.4636251e-002	 -6.8028480e-002	 -6.3671768e-002	 -5.5944927e-002	 -2.3808083e-002	  5.1794279e-002	  1.0486176e-001	  2.0130299e-001	  2.8311488e-001	  3.5344425e-001	
 -1.2552696e-001	 -1.2001727e-001	 -1.0924545e-001	 -9.7484805e-002	 -8.6787388e-002	 -7.9750270e-002	 -7.6344311e-002	 -7.2398297e-002	 -6.1198458e-002	 -2.5654873e-002	  4.6864167e-002	  1.0052340e-001	  2.0409606e-001	  2.9203215e-001	  3.4819248e-001	
 -1.2217526e-001	 -1.1701602e-001	 -1.0497545e-001	 -9.3846634e-002	 -8.6932972e-002	 -8.5324258e-002	 -8.4489197e-002	 -7.9341158e-002	 -6.5188482e-002	 -3.0842256e-002	  3.0603508e-002	  8.6449355e-002	  2.0180976e-001	  2.9205358e-001	  3.1663916e-001	
 -1.4246790e-001	 -1.3877681e-001	 -1.2653667e-001	 -1.1748014e-001	 -1.1517807e-001	 -1.1725844e-001	 -1.1742346e-001	 -1.1217606e-001	 -9.9987924e-002	 -7.3916644e-002	 -2.7843254e-002	  3.1314749e-002	  1.6245028e-001	  2.5760180e-001	  2.4450533e-001	
 -1.4798801e-001	 -1.4769980e-001	 -1.3671318e-001	 -1.2943329e-001	 -1.2890494e-001	 -1.3217583e-001	 -1.3447055e-001	 -1.3348693e-001	 -1.2813720e-001	 -1.1277911e-001	 -7.8512341e-002	 -1.1174087e-002	  1.3039002e-001	  2.2893782e-001	  1.8567185e-001	
 -1.3263524e-001	 -1.3681197e-001	 -1.2819040e-001	 -1.2117495e-001	 -1.1783881e-001	 -1.1895527e-001	 -1.2290136e-001	 -1.2738135e-001	 -1.2878624e-001	 -1.2074247e-001	 -8.9183055e-002	 -1.3264665e-002	  1.3097185e-001	  2.1487240e-001	  1.5582328e-001	
 -1.1803287e-001	 -1.2679738e-001	 -1.2148224e-001	 -1.1405897e-001	 -1.0552798e-001	 -1.0016502e-001	 -1.0099459e-001	 -1.0746979e-001	 -1.1240159e-001	 -1.0692750e-001	 -7.5214684e-002	  2.4795455e-003	  1.4280584e-001	  1.9779374e-001	  1.4427127e-001	
 -9.4614893e-002	 -1.0633904e-001	 -1.0482718e-001	 -9.8261185e-002	 -8.6915396e-002	 -7.4142337e-002	 -6.8080842e-002	 -7.2839402e-002	 -8.0314718e-002	 -7.7847436e-002	 -4.9758427e-002	  2.0793311e-002	  1.4720963e-001	  1.7749818e-001	  1.3618203e-001	
 -7.2628811e-002	 -8.5162222e-002	 -8.7643087e-002	 -8.2899019e-002	 -7.1499795e-002	 -5.2508954e-002	 -3.9014608e-002	 -3.9839491e-002	 -4.8141960e-002	 -4.9711537e-002	 -3.1254049e-002	  2.1168876e-002	  1.3728191e-001	  1.5381585e-001	  1.3095109e-001	
 -6.5628923e-002	 -7.7281140e-002	 -8.2904413e-002	 -8.0324285e-002	 -6.9894575e-002	 -4.7097631e-002	 -2.6593639e-002	 -2.2492046e-002	 -3.0155012e-002	 -3.5246130e-002	 -2.7868953e-002	  7.1897414e-003	  1.1228376e-001	  1.3588090e-001	  1.3773954e-001	
 -4.7783200e-002	 -5.7764821e-002	 -6.5234944e-002	 -6.4908847e-002	 -5.5858575e-002	 -3.0934121e-002	 -4.5795473e-003	  3.9795595e-003	 -2.1773444e-003	 -9.2035634e-003	 -9.7783441e-003	  1.4115540e-002	  1.0258496e-001	  1.4844264e-001	  1.6577329e-001	
 -2.4420004e-002	 -3.2851718e-002	 -4.0489450e-002	 -4.2155728e-002	 -3.4991127e-002	 -1.0276659e-002	  1.8253788e-002	  2.8874971e-002	  2.4127759e-002	  1.5946530e-002	  1.0703488e-002	  3.0392060e-002	  1.0865178e-001	  1.6956757e-001	  1.9001533e-001	
 -1.9418582e-002	 -2.6324332e-002	 -3.3232197e-002	 -3.6291175e-002	 -3.1164881e-002	 -7.9027889e-003	  1.9658590e-002	  3.0383546e-002	  2.6215062e-002	  1.7224930e-002	  1.0057705e-002	  3.2432631e-002	  1.1189899e-001	  1.7617594e-001	  1.9633465e-001	
 -2.1565983e-002	 -2.7051883e-002	 -3.2670330e-002	 -3.6525920e-002	 -3.3118553e-002	 -1.1472319e-002	  1.3743863e-002	  2.3542346e-002	  1.9243058e-002	  9.7504081e-003	  4.4289483e-003	  3.4378860e-002	  1.1842047e-001	  1.8704377e-001	  2.0480467e-001	
 -3.0391084e-003	 -7.0451633e-003	 -1.1015411e-002	 -1.5005305e-002	 -1.2723065e-002	  6.7742718e-003	  2.8272236e-002	  3.6553670e-002	  3.2254130e-002	  2.4184162e-002	  2.8061707e-002	  7.1812749e-002	  1.6610058e-001	  2.3565663e-001	  2.4204104e-001	
 -1.9680823e-003	 -4.4526351e-003	 -6.4869206e-003	 -9.8848958e-003	 -8.8959206e-003	  7.2764633e-003	  2.4696747e-002	  3.2470115e-002	  2.9508341e-002	  2.3182148e-002	  3.5684694e-002	  9.2517771e-002	  1.9309919e-001	  2.4931835e-001	  2.7012542e-001	
  1.6634308e-002	  1.5534388e-002	  1.5790796e-002	  1.4112778e-002	  1.3886423e-002	  2.4914915e-002	  3.8000673e-002	  4.5341533e-002	  4.3842670e-002	  3.7594225e-002	  4.8295990e-002	  1.0017796e-001	  1.8845217e-001	  2.4749106e-001	  3.0507097e-001	
  2.6678948e-002	  2.6802255e-002	  2.9701358e-002	  3.0620180e-002	  3.0098777e-002	  3.6146518e-002	  4.4299509e-002	  5.0793670e-002	  5.0789930e-002	  4.6833038e-002	  5.4683648e-002	  9.4114251e-002	  1.7203058e-001	  2.4891856e-001	  2.8605020e-001	
 -2.3886743e-003	 -9.9006959e-004	  4.6923291e-003	  8.2519716e-003	  8.1104673e-003	  1.0848898e-002	  1.5115817e-002	  1.9667199e-002	  2.1344062e-002	  2.0581214e-002	  3.0798340e-002	  6.5147936e-002	  1.4919715e-001	  2.0817401e-001	  2.4012665e-001	
 -1.7464248e-002	 -1.4868871e-002	 -6.7076758e-003	 -1.0661186e-003	 -7.1441551e-004	 -4.9217146e-005	  1.5724708e-003	  3.6745374e-003	  6.1356998e-003	  7.7990736e-003	  2.0918019e-002	  5.9154302e-002	  1.4320342e-001	  1.8477677e-001	  2.4128006e-001	
 -2.3007710e-002	 -1.9779826e-002	 -9.6912384e-003	 -2.5814013e-003	 -1.6088223e-003	 -2.2375728e-003	 -2.5837272e-003	 -2.6610207e-003	 -5.2157656e-004	  3.6142122e-003	  1.9497853e-002	  6.9168843e-002	  1.3296086e-001	  1.8381922e-001	  2.4962413e-001	
 -3.3244912e-002	 -3.0334460e-002	 -1.8847592e-002	 -1.0667132e-002	 -9.0198480e-003	 -1.0482886e-002	 -1.2468402e-002	 -1.4565924e-002	 -1.3250072e-002	 -7.5460607e-003	  9.2493035e-003	  5.3819589e-002	  1.0367352e-001	  1.6082978e-001	  2.7764216e-001	
 -3.3119917e-002	 -3.1187980e-002	 -1.9117622e-002	 -1.0009255e-002	 -7.9785408e-003	 -1.0237948e-002	 -1.3912492e-002	 -1.7659921e-002	 -1.7201304e-002	 -1.0909436e-002	  5.2682632e-003	  4.2062469e-002	  7.9280712e-002	  1.4765988e-001	  2.7930933e-001	
 -4.6874456e-002	 -4.6050172e-002	 -3.4728073e-002	 -2.4775518e-002	 -2.2716878e-002	 -2.5991557e-002	 -3.1350832e-002	 -3.6236838e-002	 -3.5925161e-002	 -2.9088903e-002	 -1.2420198e-002	  1.8577658e-002	  4.6507563e-002	  1.2071878e-001	  2.6813629e-001	
 -7.4562609e-002	 -7.4547082e-002	 -6.4910091e-002	 -5.4575365e-002	 -5.2669927e-002	 -5.7058465e-002	 -6.3997760e-002	 -6.9347158e-002	 -6.8686143e-002	 -6.0025096e-002	 -3.9571211e-002	 -7.4178162e-003	  2.1770593e-002	  9.9762857e-002	  2.4663736e-001	
 -9.1750659e-002	 -9.2419624e-002	 -8.5038230e-002	 -7.4856445e-002	 -7.3430024e-002	 -7.9206526e-002	 -8.7480620e-002	 -9.2741251e-002	 -9.1171637e-002	 -7.9796210e-002	 -5.4340433e-002	 -1.8142408e-002	  1.0551260e-002	  1.0673572e-001	  2.4101485e-001	
 -8.7790698e-002	 -8.9186713e-002	 -8.4170192e-002	 -7.4942350e-002	 -7.4159443e-002	 -8.1192046e-002	 -9.0308733e-002	 -9.4950303e-002	 -9.1994114e-002	 -7.8829870e-002	 -5.0747201e-002	 -1.0350356e-002	  2.3247337e-002	  1.2988171e-001	  2.4988315e-001	
 -7.7342510e-002	 -7.9752073e-002	 -7.6808363e-002	 -6.9202855e-002	 -6.9595590e-002	 -7.7849120e-002	 -8.6831264e-002	 -8.9447394e-002	 -8.4141731e-002	 -7.0779003e-002	 -4.3839421e-002	  2.5928699e-004	  3.8879164e-002	  1.5231805e-001	  2.6231438e-001	
 -9.3103409e-002	 -9.6763656e-002	 -9.5599443e-002	 -9.0444587e-002	 -9.3142487e-002	 -1.0235149e-001	 -1.0901627e-001	 -1.0746852e-001	 -1.0070847e-001	 -9.0202652e-002	 -7.0990793e-002	 -2.6677374e-002	  1.7861096e-002	  1.3362615e-001	  2.2662939e-001	
 -1.0515691e-001	 -1.1022989e-001	 -1.1131194e-001	 -1.0923018e-001	 -1.1417688e-001	 -1.2300866e-001	 -1.2570454e-001	 -1.2001503e-001	 -1.1343411e-001	 -1.0832970e-001	 -9.9458404e-002	 -6.1928719e-002	 -1.0177822e-002	  1.0888223e-001	  1.7745771e-001	
 -1.0547268e-001	 -1.1190735e-001	 -1.1564471e-001	 -1.1627849e-001	 -1.2281998e-001	 -1.3087590e-001	 -1.3018695e-001	 -1.2008543e-001	 -1.1189374e-001	 -1.0969484e-001	 -1.0950506e-001	 -8.2812481e-002	 -2.7895078e-002	  9.9064857e-002	  1.4808901e-001	
 -9.3013205e-002	 -1.0032127e-001	 -1.0647795e-001	 -1.1007307e-001	 -1.1765526e-001	 -1.2449887e-001	 -1.2120275e-001	 -1.0792959e-001	 -9.8419562e-002	 -9.8072410e-002	 -1.0237537e-001	 -8.4801689e-002	 -3.3448424e-002	  9.8564848e-002	  1.3232444e-001	
 -6.5013424e-002	 -7.2817840e-002	 -8.0525875e-002	 -8.6797118e-002	 -9.4967008e-002	 -1.0062373e-001	 -9.5462441e-002	 -8.0811143e-002	 -7.2016627e-002	 -7.4200302e-002	 -8.1983902e-002	 -7.0344329e-002	 -2.5737602e-002	  1.0445704e-001	  1.3209163e-001	
 -3.1024769e-002	 -3.9088458e-002	 -4.7524169e-002	 -5.5765249e-002	 -6.4109474e-002	 -6.8751872e-002	 -6.2464669e-002	 -4.8345745e-002	 -4.2990323e-002	 -4.9421325e-002	 -6.1132971e-002	 -5.3235117e-002	 -1.8301368e-002	  9.5268555e-002	  1.3048281e-001	
 -2.0433377e-002	 -2.8297007e-002	 -3.6928557e-002	 -4.6241865e-002	 -5.4426320e-002	 -5.8322504e-002	 -5.1430218e-002	 -3.8447194e-002	 -3.6557239e-002	 -4.6486374e-002	 -6.0596731e-002	 -5.5297144e-002	 -3.0843293e-002	  5.8203533e-002	  1.0451562e-001	
 -7.1757254e-003	 -1.4627555e-002	 -2.2842549e-002	 -3.2363050e-002	 -4.0291540e-002	 -4.3835595e-002	 -3.6777675e-002	 -2.3914041e-002	 -2.3738321e-002	 -3.5616145e-002	 -5.1065527e-002	 -4.7402803e-002	 -3.1847179e-002	  2.8562633e-002	  8.3543479e-002	
  2.1610387e-002	  1.4880384e-002	  7.4581858e-003	 -1.3898644e-003	 -9.0754023e-003	 -1.2633815e-002	 -5.8391085e-003	  7.0589376e-003	  7.0560533e-003	 -5.5341762e-003	 -2.1567196e-002	 -1.8542046e-002	 -1.1751944e-002	  2.2646552e-002	  8.6187355e-002	
  3.3948209e-002	  2.8137058e-002	  2.1754159e-002	  1.4088665e-002	  6.8188850e-003	  3.2419681e-003	  9.3034720e-003	  2.1509422e-002	  2.2186821e-002	  1.0135170e-002	 -5.5471212e-003	 -3.2889359e-003	 -2.4434575e-003	  1.0209833e-002	  7.5214095e-002	
  4.4839948e-002	  3.9997771e-002	  3.4843519e-002	  2.8584385e-002	  2.2089487e-002	  1.8677566e-002	  2.3608657e-002	  3.3985298e-002	  3.4923773e-002	  2.3762213e-002	  8.7460652e-003	  9.6532255e-003	  8.9722015e-003	  5.1492308e-003	  5.3199910e-002	
  4.8834465e-002	  4.4994727e-002	  4.1054651e-002	  3.6251858e-002	  3.1116318e-002	  2.8318500e-002	  3.2030489e-002	  3.9877340e-002	  4.0349517e-002	  3.0375255e-002	  1.6914919e-002	  1.6050242e-002	  1.5392202e-002	  1.5729999e-003	  2.5045209e-002	
  3.9899230e-002	  3.6912072e-002	  3.3871446e-002	  3.0590171e-002	  2.7152011e-002	  2.5407379e-002	  2.8168345e-002	  3.3603337e-002	  3.3325773e-002	  2.4522405e-002	  1.2052910e-002	  9.7169206e-003	  8.7778261e-003	 -1.1726925e-002	 -1.1575554e-002	
  6.9516733e-002	  6.7194052e-002	  6.4821914e-002	  6.2913768e-002	  6.1210651e-002	  6.0765762e-002	  6.2993355e-002	  6.6225581e-002	  6.5127119e-002	  5.7269998e-002	  4.4613417e-002	  4.0212076e-002	  3.7441913e-002	  1.1064937e-002	 -7.1009304e-003	
  8.8079117e-002	  8.6370260e-002	  8.4493101e-002	  8.3711199e-002	  8.3595991e-002	  8.4436148e-002	  8.6407639e-002	  8.7792248e-002	  8.6372294e-002	  7.9442658e-002	  6.5777279e-002	  5.9008799e-002	  5.2088160e-002	  1.8485131e-002	 -1.1212951e-002	
  8.0045387e-002	  7.9159983e-002	  7.7727675e-002	  7.7917755e-002	  7.9053678e-002	  8.0908552e-002	  8.2568675e-002	  8.2876168e-002	  8.1728995e-002	  7.5066559e-002	  5.9666608e-002	  4.9425159e-002	  3.6447480e-002	 -3.2918628e-003	 -3.9901026e-002	
  4.9435802e-002	  4.9762074e-002	  4.8946213e-002	  4.9964283e-002	  5.1978089e-002	  5.4485824e-002	  5.5776875e-002	  5.5719342e-002	  5.5337567e-002	  4.8308685e-002	  3.0035844e-002	  1.4817582e-002	 -2.6116893e-003	 -4.5103613e-002	 -8.5686587e-002	
  4.0055718e-002	  4.1593648e-002	  4.1538302e-002	  4.3158565e-002	  4.5687262e-002	  4.8405122e-002	  4.9404841e-002	  4.9458791e-002	  5.0406318e-002	  4.3052826e-002	  2.1274891e-002	  1.3512482e-003	 -1.8507037e-002	 -6.1117012e-002	 -1.0467549e-001	
  3.3598609e-002	  3.5535213e-002	  3.6231790e-002	  3.8281087e-002	  4.0991250e-002	  4.3579806e-002	  4.4308234e-002	  4.4711445e-002	  4.6829589e-002	  3.8999166e-002	  1.3795624e-002	 -1.0097424e-002	 -3.0997423e-002	 -7.2818607e-002	 -1.1687680e-001	
  2.8477741e-002	  3.0022675e-002	  3.1191604e-002	  3.3511035e-002	  3.6168594e-002	  3.8453247e-002	  3.8868032e-002	  3.9637487e-002	  4.2250406e-002	  3.3602897e-002	  4.9406313e-003	 -2.2475051e-002	 -4.4392768e-002	 -8.5542150e-002	 -1.2696482e-001	
  1.5785087e-002	  1.6445193e-002	  1.7640077e-002	  2.0059302e-002	  2.2592539e-002	  2.4506012e-002	  2.4506357e-002	  2.5355494e-002	  2.7814906e-002	  1.7091472e-002	 -1.6453696e-002	 -4.7649931e-002	 -7.0666261e-002	 -1.1202922e-001	 -1.5010889e-001	
  5.7612518e-003	  5.1538008e-003	  5.9629274e-003	  8.3129089e-003	  1.0674188e-002	  1.2179330e-002	  1.1664175e-002	  1.2359480e-002	  1.3647872e-002	 -1.2955004e-003	 -4.1258462e-002	 -7.6315820e-002	 -1.0121717e-001	 -1.4369744e-001	 -1.7981531e-001	
 -2.3725051e-002	 -2.5822196e-002	 -2.5625389e-002	 -2.3445718e-002	 -2.1315988e-002	 -2.0366155e-002	 -2.1401923e-002	 -2.1473246e-002	 -2.3977671e-002	 -4.5581866e-002	 -9.1208905e-002	 -1.2856105e-001	 -1.5612301e-001	 -1.9797519e-001	 -2.3319060e-001	
 -2.8699839e-002	 -3.2354418e-002	 -3.2973107e-002	 -3.1096082e-002	 -2.9256113e-002	 -2.8891416e-002	 -3.0797638e-002	 -3.2719254e-002	 -4.0002570e-002	 -6.7709714e-002	 -1.1661063e-001	 -1.5492091e-001	 -1.8446884e-001	 -2.2310776e-001	 -2.5504321e-001	
 -1.3371262e-003	 -6.5565608e-003	 -8.2193408e-003	 -6.9059641e-003	 -5.5346391e-003	 -5.9001152e-003	 -9.0100365e-003	 -1.3246424e-002	 -2.4512555e-002	 -5.5195093e-002	 -1.0190500e-001	 -1.4065585e-001	 -1.7248213e-001	 -2.0882136e-001	 -2.3308745e-001	
 -1.6066210e-002	 -2.2838049e-002	 -2.5609765e-002	 -2.5008172e-002	 -2.4330951e-002	 -2.5809765e-002	 -3.0815955e-002	 -3.7770480e-002	 -5.1736102e-002	 -8.2486704e-002	 -1.2508416e-001	 -1.6442120e-001	 -1.9804707e-001	 -2.3379026e-001	 -2.4328327e-001	
 -1.8820861e-002	 -2.6963696e-002	 -3.0951653e-002	 -3.1300768e-002	 -3.1672172e-002	 -3.4766965e-002	 -4.2420160e-002	 -5.2154250e-002	 -6.7388892e-002	 -9.5240995e-002	 -1.3326687e-001	 -1.7447680e-001	 -2.0872517e-001	 -2.3745313e-001	 -2.4107496e-001	
 -2.0140544e-002	 -2.9593682e-002	 -3.4847319e-002	 -3.6390156e-002	 -3.8178533e-002	 -4.3183975e-002	 -5.3433411e-002	 -6.5042704e-002	 -7.9791099e-002	 -1.0431801e-001	 -1.4024961e-001	 -1.8355724e-001	 -2.1653888e-001	 -2.3663187e-001	 -2.3834191e-001	
 -1.7468363e-002	 -2.8111659e-002	 -3.4661971e-002	 -3.7645925e-002	 -4.1211430e-002	 -4.8446342e-002	 -6.1330017e-002	 -7.3877811e-002	 -8.7313712e-002	 -1.0932484e-001	 -1.4579055e-001	 -1.9045115e-001	 -2.2117755e-001	 -2.3547843e-001	 -2.3422158e-001	
  1.0834086e-003	 -1.0723456e-002	 -1.8556736e-002	 -2.3060137e-002	 -2.8338866e-002	 -3.7474506e-002	 -5.2228555e-002	 -6.4006731e-002	 -7.6130167e-002	 -9.7644553e-002	 -1.3711861e-001	 -1.8188787e-001	 -2.1030697e-001	 -2.2203313e-001	 -2.1745154e-001	
  2.4308827e-002	  1.1423201e-002	  2.3665614e-003	 -3.5356318e-003	 -1.0121566e-002	 -2.0466851e-002	 -3.5723038e-002	 -4.5678556e-002	 -5.6869023e-002	 -7.9297602e-002	 -1.2310291e-001	 -1.6764039e-001	 -1.9472352e-001	 -2.0419070e-001	 -1.9845358e-001	
  4.2157993e-002	  2.8402815e-002	  1.8262221e-002	  1.1195498e-002	  3.9072782e-003	 -6.5858215e-003	 -2.0947762e-002	 -2.8820330e-002	 -3.9281212e-002	 -6.2792815e-002	 -1.1081485e-001	 -1.5623695e-001	 -1.8352556e-001	 -1.9091669e-001	 -1.8216756e-001	
  5.3646125e-002	  3.9336942e-002	  2.8378602e-002	  2.0392587e-002	  1.2935290e-002	  3.1482512e-003	 -9.4778268e-003	 -1.5430110e-002	 -2.5025105e-002	 -4.9395401e-002	 -1.0177369e-001	 -1.4969359e-001	 -1.7845660e-001	 -1.8504693e-001	 -1.6870123e-001	
  8.3290398e-002	  6.8824649e-002	  5.7395481e-002	  4.8797715e-002	  4.1608550e-002	  3.3430148e-002	  2.3287037e-002	  1.8440539e-002	  9.8576872e-003	 -1.4309635e-002	 -6.9927365e-002	 -1.2233269e-001	 -1.5361160e-001	 -1.5896156e-001	 -1.3423671e-001	
  9.6603006e-002	  8.2423195e-002	  7.0856929e-002	  6.1931778e-002	  5.5129714e-002	  4.8702605e-002	  4.1394468e-002	  3.7223432e-002	  2.9480768e-002	  6.5761833e-003	 -5.1075187e-002	 -1.0904457e-001	 -1.4323032e-001	 -1.4354870e-001	 -1.0904727e-001	
  1.1251204e-001	  9.9143669e-002	  8.7735578e-002	  7.8761213e-002	  7.2360381e-002	  6.7472234e-002	  6.2907010e-002	  5.9554517e-002	  5.2334007e-002	  3.0701479e-002	 -2.8054522e-002	 -9.1406167e-002	 -1.2779349e-001	 -1.1766643e-001	 -7.5718433e-002	
  1.2244932e-001	  1.1066033e-001	  9.9758595e-002	  9.1041565e-002	  8.5074902e-002	  8.1424832e-002	  7.9313122e-002	  7.7218071e-002	  7.0613727e-002	  5.0722551e-002	 -7.9784347e-003	 -7.6969258e-002	 -1.1386485e-001	 -8.9145906e-002	 -3.2850504e-002	
  1.0671559e-001	  9.7027525e-002	  8.6971715e-002	  7.8814685e-002	  7.3393524e-002	  7.0723087e-002	  7.0652649e-002	  7.0058987e-002	  6.4191326e-002	  4.6246406e-002	 -1.0385666e-002	 -8.5893594e-002	 -1.2140192e-001	 -6.5722711e-002	 -2.0473925e-002	
  9.9820867e-002	  9.2358693e-002	  8.3331719e-002	  7.5928248e-002	  7.1174972e-002	  6.9354236e-002	  7.0932969e-002	  7.1923070e-002	  6.6639468e-002	  4.9923323e-002	 -3.5476191e-003	 -8.4819905e-002	 -1.2004132e-001	 -2.6688665e-002	  1.4271157e-002	
  9.2114985e-002	  8.6817533e-002	  7.9006463e-002	  7.2548777e-002	  6.8612508e-002	  6.7678854e-002	  7.0502713e-002	  7.2731391e-002	  6.8006039e-002	  5.2317981e-002	  2.6326585e-003	 -8.0231391e-002	 -1.0321385e-001	  1.5764046e-002	  4.2549811e-002	
  8.5962847e-002	  8.2417436e-002	  7.5870156e-002	  7.0510432e-002	  6.7532852e-002	  6.7553386e-002	  7.1123809e-002	  7.3866829e-002	  6.9592133e-002	  5.3679217e-002	  6.3588521e-003	 -7.1193613e-002	 -5.8531582e-002	  6.0105957e-002	  8.5451111e-002	
  6.9189325e-002	  6.6865906e-002	  6.1535463e-002	  5.7246748e-002	  5.5200163e-002	  5.5991814e-002	  5.9844457e-002	  6.2755235e-002	  5.8942314e-002	  4.2416926e-002	 -3.9898925e-003	 -7.6321274e-002	 -2.3034738e-002	  8.1814922e-002	  1.1017377e-001	
  4.9428910e-002	  4.7705494e-002	  4.3446518e-002	  4.0383577e-002	  3.9552994e-002	  4.1244939e-002	  4.5245763e-002	  4.7802608e-002	  4.4103276e-002	  2.6642388e-002	 -1.7447954e-002	 -6.6305786e-002	  4.9081951e-002	  1.1094762e-001	  1.4281015e-001	
  1.5948983e-002	  1.4267534e-002	  1.1103440e-002	  9.3946578e-003	  1.0061847e-002	  1.2868334e-002	  1.7023185e-002	  1.8861147e-002	  1.5148988e-002	 -1.6918399e-003	 -3.1106291e-002	 -2.4253905e-002	  1.1324869e-001	  1.3967362e-001	  1.5659484e-001	
 -2.3872852e-002	 -2.5484450e-002	 -2.7570108e-002	 -2.8067196e-002	 -2.6235288e-002	 -2.2636296e-002	 -1.8291583e-002	 -1.6434027e-002	 -1.9562116e-002	 -3.3027302e-002	 -4.3112516e-002	  3.9735701e-002	  9.5325530e-002	  1.2755522e-001	  1.4418663e-001	
 -2.2754934e-002	 -2.4365915e-002	 -2.5751764e-002	 -2.5449671e-002	 -2.2980141e-002	 -1.9033225e-002	 -1.4713503e-002	 -1.3664978e-002	 -1.8494722e-002	 -3.1194147e-002	 -2.3632225e-002	  7.8562409e-002	  1.2278564e-001	  1.3402501e-001	  1.4684147e-001	
 -2.9924313e-002	 -3.1848978e-002	 -3.2791927e-002	 -3.2058246e-002	 -2.9307777e-002	 -2.5395308e-002	 -2.1795509e-002	 -2.3538729e-002	 -3.2011181e-002	 -4.5457497e-002	 -2.9954456e-002	  8.6761214e-002	  1.2031299e-001	  1.2747429e-001	  1.3694090e-001	
 -5.6983545e-002	 -5.9414234e-002	 -6.0018308e-002	 -5.9019417e-002	 -5.6268174e-002	 -5.2925408e-002	 -5.1416844e-002	 -5.7840660e-002	 -6.9503322e-002	 -8.0164805e-002	 -5.4074064e-002	  6.6910535e-002	  9.3788341e-002	  9.8863676e-002	  1.0588729e-001	
 -7.3193602e-002	 -7.6422222e-002	 -7.7026464e-002	 -7.6184869e-002	 -7.3971435e-002	 -7.1716502e-002	 -7.2649121e-002	 -8.3193287e-002	 -9.6468225e-002	 -1.0378024e-001	 -7.3717952e-002	  4.0924735e-002	  6.6092901e-002	  6.9048978e-002	  7.3103294e-002	
 -7.6997235e-002	 -8.1304476e-002	 -8.2334228e-002	 -8.2103759e-002	 -8.0893561e-002	 -7.9833783e-002	 -8.3320141e-002	 -9.6088029e-002	 -1.0808255e-001	 -1.1157304e-001	 -8.6100727e-002	  1.1592661e-002	  3.7567548e-002	  3.9104663e-002	  4.1170012e-002	
 -7.9871044e-002	 -8.5433066e-002	 -8.7279335e-002	 -8.7985054e-002	 -8.8145226e-002	 -8.8951230e-002	 -9.4876915e-002	 -1.0756513e-001	 -1.1590727e-001	 -1.1631197e-001	 -9.5571920e-002	 -1.9138984e-002	  2.2381977e-003	  2.6037174e-003	  3.4318718e-003	
 -5.7176668e-002	 -6.4125530e-002	 -6.7285657e-002	 -6.9262847e-002	 -7.1125962e-002	 -7.3982075e-002	 -8.1570849e-002	 -9.2407204e-002	 -9.6049473e-002	 -9.3906075e-002	 -7.8270003e-002	 -2.1482732e-002	 -1.0174742e-002	 -1.0699182e-002	 -1.0849572e-002	
 -4.3878488e-002	 -5.2281082e-002	 -5.7214290e-002	 -6.0813587e-002	 -6.4652331e-002	 -6.9607906e-002	 -7.7608481e-002	 -8.4109366e-002	 -8.3224438e-002	 -7.8821495e-002	 -6.7443714e-002	 -3.1223971e-002	 -3.1412311e-002	 -3.2920018e-002	 -3.3753090e-002	
 -3.0320790e-002	 -4.0172920e-002	 -4.7085553e-002	 -5.2325599e-002	 -5.7973653e-002	 -6.4603619e-002	 -7.1559377e-002	 -7.3153101e-002	 -6.8896905e-002	 -6.3251808e-002	 -5.6744765e-002	 -3.8674586e-002	 -4.9893908e-002	 -5.3223327e-002	 -5.4644331e-002	
 -2.0189384e-002	 -3.1281561e-002	 -4.0135786e-002	 -4.6812922e-002	 -5.3833492e-002	 -6.1529174e-002	 -6.6363998e-002	 -6.3733242e-002	 -5.7374548e-002	 -5.1471319e-002	 -4.8729632e-002	 -4.5489784e-002	 -6.6262439e-002	 -7.2226040e-002	 -7.4115276e-002	
  5.3034750e-005	 -1.1936725e-002	 -2.2297058e-002	 -2.9981423e-002	 -3.7765581e-002	 -4.5801550e-002	 -4.8396003e-002	 -4.2725433e-002	 -3.5085198e-002	 -2.9788211e-002	 -2.9578788e-002	 -3.6648598e-002	 -6.7560807e-002	 -7.3164769e-002	 -7.5828992e-002	
  1.2843983e-002	  3.0415595e-004	 -1.0933015e-002	 -1.8995631e-002	 -2.6801515e-002	 -3.4433004e-002	 -3.5473391e-002	 -2.8383387e-002	 -2.0154184e-002	 -1.5392810e-002	 -1.6673217e-002	 -3.0052703e-002	 -6.9928840e-002	 -7.2719924e-002	 -7.5183287e-002	
  1.9869724e-002	  7.0850514e-003	 -4.4760765e-003	 -1.2456111e-002	 -1.9740395e-002	 -2.6537213e-002	 -2.6794273e-002	 -1.9270118e-002	 -1.0764772e-002	 -6.0565979e-003	 -8.2241856e-003	 -2.4670048e-002	 -6.9020286e-002	 -7.3324978e-002	 -7.5715795e-002	
  3.4633897e-002	  2.2096930e-002	  1.0937124e-002	  3.6016740e-003	 -2.6552109e-003	 -8.2463091e-003	 -8.1177251e-003	 -8.9584745e-004	  7.5846994e-003	  1.2672464e-002	  9.9090263e-003	 -8.1534777e-003	 -5.4507840e-002	 -6.0858309e-002	 -6.3007146e-002	
  4.9440801e-002	  3.7411992e-002	  2.6993655e-002	  2.0652797e-002	  1.5717780e-002	  1.1582476e-002	  1.2094740e-002	  1.8682027e-002	  2.6929157e-002	  3.2858685e-002	  3.0102730e-002	  1.0959592e-002	 -3.5856772e-002	 -4.3036222e-002	 -4.4717703e-002	
  6.7256346e-002	  5.5829540e-002	  4.6222717e-002	  4.1005772e-002	  3.7463594e-002	  3.4961157e-002	  3.5935558e-002	  4.1862033e-002	  4.9727652e-002	  5.6466490e-002	  5.4444510e-002	  3.4091212e-002	 -1.1034979e-002	 -1.7808823e-002	 -1.9451547e-002	
  8.9005753e-002	  7.8309439e-002	  6.9605723e-002	  6.5491959e-002	  6.3289210e-002	  6.2277995e-002	  6.3685894e-002	  6.8982735e-002	  7.6348737e-002	  8.3692208e-002	  8.3075605e-002	  6.2262904e-002	  1.9305861e-002	  1.2870256e-002	  1.1406536e-002	
  7.0626631e-002	  6.0903616e-002	  5.3204127e-002	  5.0056711e-002	  4.8976809e-002	  4.9010027e-002	  5.0694972e-002	  5.5405807e-002	  6.2286284e-002	  7.0296660e-002	  7.2506770e-002	  5.2720141e-002	  1.3312883e-002	 -1.0236610e-003	 -2.2690778e-003	
  6.6889271e-002	  5.8329824e-002	  5.1808801e-002	  4.9561612e-002	  4.9325798e-002	  4.9985372e-002	  5.1910818e-002	  5.6470428e-002	  6.3416637e-002	  7.2761580e-002	  7.9353690e-002	  6.0117710e-002	  2.1672649e-002	 -1.5333678e-003	 -3.3620456e-003	
  6.3119635e-002	  5.5867814e-002	  5.0655961e-002	  4.9304571e-002	  4.9581565e-002	  5.0562792e-002	  5.2767996e-002	  5.7719212e-002	  6.5774269e-002	  7.8583285e-002	  9.1668859e-002	  7.2469503e-002	  3.3735480e-002	 -6.1508769e-004	 -3.4331388e-003	
  4.1376300e-002	  3.5465628e-002	  3.1632386e-002	  3.1330008e-002	  3.2011352e-002	  3.3316404e-002	  3.6407039e-002	  4.3120891e-002	  5.4634906e-002	  7.3548771e-002	  9.0131238e-002	  7.3439658e-002	  3.5992816e-002	 -8.1221526e-003	 -1.3034880e-002	
  3.2906320e-002	  2.8468609e-002	  2.6177464e-002	  2.6838742e-002	  2.8018652e-002	  3.0095935e-002	  3.5238028e-002	  4.5431338e-002	  6.1930574e-002	  8.5126773e-002	  1.0047737e-001	  8.9985825e-002	  5.9154999e-002	  7.0907618e-003	 -6.6823801e-003	
  2.7660623e-002	  2.4732724e-002	  2.3796599e-002	  2.5191512e-002	  2.6691195e-002	  2.9446023e-002	  3.6313724e-002	  4.9103159e-002	  6.8017781e-002	  9.1996297e-002	  1.0576688e-001	  1.0173400e-001	  7.9463936e-002	  2.4935281e-002	 -9.5240055e-003	
 -1.4099567e-003	 -2.8216825e-003	 -2.5029196e-003	 -4.3959366e-004	  1.3793546e-003	  4.7874292e-003	  1.2918557e-002	  2.6955415e-002	  4.5743346e-002	  6.8182960e-002	  7.9921350e-002	  7.9950519e-002	  6.2408026e-002	  1.2676687e-002	 -3.7739865e-002	
 -2.5366325e-002	 -2.5269503e-002	 -2.3731945e-002	 -2.0966992e-002	 -1.8666014e-002	 -1.4500925e-002	 -5.3933174e-003	  9.0239504e-003	  2.7152233e-002	  4.7902390e-002	  5.9066650e-002	  6.1796535e-002	  4.7309775e-002	  3.5883158e-003	 -5.2859500e-002	
 -4.7364850e-002	 -4.5996845e-002	 -4.3383267e-002	 -4.0064044e-002	 -3.7365552e-002	 -3.2601405e-002	 -2.3026325e-002	 -8.8305632e-003	  8.2936743e-003	  2.7538843e-002	  3.8480200e-002	  4.2107511e-002	  2.9082211e-002	 -8.3706835e-003	 -6.5071084e-002	
 -5.3516261e-002	 -5.1222377e-002	 -4.7881037e-002	 -4.4171847e-002	 -4.1313615e-002	 -3.6444880e-002	 -2.7638592e-002	 -1.5413222e-002	 -3.4562338e-004	  1.6520461e-002	  2.6773710e-002	  3.0250864e-002	  1.7246585e-002	 -1.9160114e-002	 -7.2991297e-002	
 -5.0276611e-002	 -4.7402781e-002	 -4.3675914e-002	 -3.9862469e-002	 -3.7033886e-002	 -3.2671638e-002	 -2.6195981e-002	 -1.7576817e-002	 -6.2107034e-003	  6.5403352e-003	  1.4685391e-002	  1.5291955e-002	 -3.3947434e-003	 -4.5915131e-002	 -9.0507552e-002	
 -5.7370298e-002	 -5.4400951e-002	 -5.0686009e-002	 -4.7090255e-002	 -4.4849314e-002	 -4.1871607e-002	 -3.7894003e-002	 -3.1371735e-002	 -2.2169130e-002	 -1.2088189e-002	 -5.0755474e-003	 -7.8454427e-003	 -3.4275066e-002	 -8.0977760e-002	 -1.2159392e-001	
 -7.4515507e-002	 -7.1874529e-002	 -6.8724498e-002	 -6.5752164e-002	 -6.4597875e-002	 -6.3554376e-002	 -6.1050139e-002	 -5.4128665e-002	 -4.3687068e-002	 -3.3243716e-002	 -2.5662981e-002	 -2.9372726e-002	 -6.0911316e-002	 -1.0989759e-001	 -1.4564450e-001	
 -8.4168799e-002	 -8.2212508e-002	 -8.0194063e-002	 -7.8410968e-002	 -7.8731194e-002	 -8.0120221e-002	 -7.9346523e-002	 -7.1671002e-002	 -5.8615547e-002	 -4.6541046e-002	 -3.8863853e-002	 -4.2824343e-002	 -7.6144136e-002	 -1.2757866e-001	 -1.5052447e-001	
 -7.5913429e-002	 -7.5178519e-002	 -7.4797928e-002	 -7.4811324e-002	 -7.7066593e-002	 -8.1166431e-002	 -8.2277946e-002	 -7.4505173e-002	 -5.9979141e-002	 -4.7159400e-002	 -4.1540917e-002	 -4.6999995e-002	 -7.8657791e-002	 -1.2969345e-001	 -1.3800359e-001	
 -5.0456420e-002	 -5.1178958e-002	 -5.2723661e-002	 -5.4844171e-002	 -5.9315260e-002	 -6.6054657e-002	 -6.8711668e-002	 -6.0911573e-002	 -4.6116203e-002	 -3.4044478e-002	 -3.1738810e-002	 -3.9691962e-002	 -6.9354162e-002	 -1.1462979e-001	 -1.1298968e-001	
 -4.2171236e-002	 -4.4312142e-002	 -4.7836408e-002	 -5.2111693e-002	 -5.8762684e-002	 -6.7529544e-002	 -7.1062259e-002	 -6.3107342e-002	 -4.9016755e-002	 -3.9157331e-002	 -4.0588163e-002	 -5.1462341e-002	 -7.8548521e-002	 -1.1471925e-001	 -1.1100750e-001	
 -2.2106456e-002	 -2.5505258e-002	 -3.1006837e-002	 -3.7392400e-002	 -4.6102017e-002	 -5.6205340e-002	 -5.9625968e-002	 -5.1107757e-002	 -3.8882419e-002	 -3.2973990e-002	 -3.8769972e-002	 -5.3227939e-002	 -7.8534976e-002	 -1.0508921e-001	 -1.0013780e-001	
  1.6734656e-002	  1.2588779e-002	  5.5203619e-003	 -2.4088984e-003	 -1.2393332e-002	 -2.2914549e-002	 -2.5788318e-002	 -1.7699737e-002	 -9.0202224e-003	 -8.6120097e-003	 -1.9365061e-002	 -3.6904924e-002	 -6.0738508e-002	 -7.9226241e-002	 -7.0839733e-002	
  2.9847350e-002	  2.5312575e-002	  1.7094169e-002	  8.1544118e-003	 -2.4572108e-003	 -1.2910793e-002	 -1.5200587e-002	 -7.8669209e-003	 -2.3964231e-003	 -6.6209300e-003	 -2.0925513e-002	 -3.9739199e-002	 -6.1922897e-002	 -7.5631529e-002	 -6.0863029e-002	
  6.0747936e-002	  5.6030348e-002	  4.7162227e-002	  3.7704811e-002	  2.7098343e-002	  1.7162211e-002	  1.5177819e-002	  2.1466814e-002	  2.5029227e-002	  1.8522479e-002	  3.2269191e-003	 -1.4888031e-002	 -3.5331238e-002	 -4.9340207e-002	 -2.3418911e-002	
  7.4025184e-002	  6.9199875e-002	  6.0312025e-002	  5.0900467e-002	  4.0893935e-002	  3.1752147e-002	  2.9665088e-002	  3.4964453e-002	  3.8042024e-002	  3.1264752e-002	  1.6788887e-002	  6.2091311e-004	 -1.8003883e-002	 -3.5935413e-002	  2.0553595e-003	
  5.9762150e-002	  5.4813612e-002	  4.6147458e-002	  3.7064947e-002	  2.7834415e-002	  1.9700821e-002	  1.7803267e-002	  2.2788251e-002	  2.6227811e-002	  2.0222684e-002	  7.3104654e-003	 -6.8176691e-003	 -2.4226746e-002	 -4.5879971e-002	  1.0810506e-003	
  6.5621763e-002	  6.0598250e-002	  5.2229766e-002	  4.3639153e-002	  3.5255954e-002	  2.8329847e-002	  2.7107527e-002	  3.2178152e-002	  3.6062390e-002	  3.1440265e-002	  2.0341771e-002	  7.6397811e-003	 -9.8595265e-003	 -3.4038626e-002	  2.1448605e-002	
  8.3300799e-002	  7.8296371e-002	  7.0496038e-002	  6.2600732e-002	  5.5153392e-002	  4.9471464e-002	  4.8922483e-002	  5.3940918e-002	  5.8178890e-002	  5.5572312e-002	  4.6674095e-002	  3.4894247e-002	  1.6389415e-002	 -9.7460952e-003	  5.3295203e-002	
  8.2284123e-002	  7.7600211e-002	  7.0599794e-002	  6.3597441e-002	  5.7111055e-002	  5.2444693e-002	  5.2200802e-002	  5.6988340e-002	  6.1919693e-002	  6.1847407e-002	  5.4878775e-002	  4.2972688e-002	  2.2757322e-002	 -4.0797750e-003	  6.0513038e-002	
  8.7257832e-002	  8.3131000e-002	  7.7029988e-002	  7.1009979e-002	  6.5487549e-002	  6.1667815e-002	  6.1555110e-002	  6.6072077e-002	  7.2035067e-002	  7.4901327e-002	  6.9748968e-002	  5.7072517e-002	  3.5521127e-002	  9.2856251e-003	  7.0134588e-002	
  7.9362765e-002	  7.6093599e-002	  7.0938937e-002	  6.5913491e-002	  6.1350498e-002	  5.8226388e-002	  5.8177225e-002	  6.2428366e-002	  6.9487870e-002	  7.5716332e-002	  7.3168404e-002	  6.0354397e-002	  3.7725732e-002	  1.1429215e-002	  6.7557558e-002	
  4.7601692e-002	  4.5207303e-002	  4.0914856e-002	  3.6821250e-002	  3.3176839e-002	  3.0855687e-002	  3.1370491e-002	  3.6132324e-002	  4.4903789e-002	  5.4597884e-002	  5.4908752e-002	  4.2553794e-002	  1.8527789e-002	 -8.8885706e-003	  4.7606509e-002	
  3.0557048e-002	  2.8782217e-002	  2.5244158e-002	  2.2046689e-002	  1.9324446e-002	  1.7950891e-002	  1.9451415e-002	  2.5463274e-002	  3.6866602e-002	  5.0255816e-002	  5.2827168e-002	  4.0493309e-002	  1.4704611e-002	 -9.6731959e-003	  4.0485095e-002	
  1.8793765e-002	  1.7491832e-002	  1.4666715e-002	  1.2333268e-002	  1.0536017e-002	  1.0141481e-002	  1.2658716e-002	  1.9933889e-002	  3.3103377e-002	  4.8425581e-002	  5.1763896e-002	  3.8908385e-002	  1.1186544e-002	 -1.3929652e-003	  2.3657335e-002	
  9.7439326e-003	  8.6187851e-003	  6.3894149e-003	  4.8501436e-003	  3.9586150e-003	  4.4561229e-003	  7.6203290e-003	  1.5227745e-002	  2.8484851e-002	  4.3210566e-002	  4.5091607e-002	  3.0589363e-002	  1.2520348e-003	 -1.2809689e-002	  3.6061949e-003	
  1.6630324e-002	  1.5403570e-002	  1.3645937e-002	  1.2811413e-002	  1.2778637e-002	  1.4118709e-002	  1.7776189e-002	  2.5109261e-002	  3.6746439e-002	  4.8658818e-002	  4.7977980e-002	  3.1378217e-002	  4.0874453e-004	 -2.1887986e-002	 -9.7788647e-003	
 -2.0314807e-002	 -2.2105915e-002	 -2.3579480e-002	 -2.3739453e-002	 -2.2931848e-002	 -2.0739498e-002	 -1.6543183e-002	 -9.4891787e-003	  1.0311471e-004	  8.3537605e-003	  3.5461388e-003	 -1.6642062e-002	 -5.0340153e-002	 -7.8766897e-002	 -7.1610071e-002	
 -4.9894560e-002	 -5.2622899e-002	 -5.3979158e-002	 -5.3486109e-002	 -5.1721752e-002	 -4.8546329e-002	 -4.3758992e-002	 -3.7403136e-002	 -3.1029783e-002	 -2.8138423e-002	 -3.8859904e-002	 -6.4306222e-002	 -1.0300241e-001	 -1.3724408e-001	 -1.3481280e-001	
 -4.6559613e-002	 -5.0518028e-002	 -5.1985826e-002	 -5.0992008e-002	 -4.8451163e-002	 -4.4667624e-002	 -3.9966531e-002	 -3.5045162e-002	 -3.1609029e-002	 -3.2964967e-002	 -4.8309930e-002	 -7.7973142e-002	 -1.2371656e-001	 -1.6736251e-001	 -1.6717146e-001	
 -1.7086348e-002	 -2.2388691e-002	 -2.4195384e-002	 -2.3012677e-002	 -2.0192022e-002	 -1.6480662e-002	 -1.2682267e-002	 -9.3931258e-003	 -7.6059550e-003	 -1.0299161e-002	 -2.6509769e-002	 -5.6913897e-002	 -1.0849886e-001	 -1.6578342e-001	 -1.6805306e-001	
 -2.1035710e-002	 -2.7732167e-002	 -3.0136475e-002	 -2.9183786e-002	 -2.6656907e-002	 -2.3708099e-002	 -2.1420030e-002	 -1.9717585e-002	 -1.8501522e-002	 -2.0926269e-002	 -3.5731237e-002	 -6.4450122e-002	 -1.1960281e-001	 -1.9312420e-001	 -1.9815381e-001	
 -3.2437064e-002	 -4.0482745e-002	 -4.3693446e-002	 -4.3387577e-002	 -4.1714616e-002	 -4.0220700e-002	 -3.9973572e-002	 -3.9668433e-002	 -3.8456909e-002	 -4.0190473e-002	 -5.3437330e-002	 -8.0218352e-002	 -1.3580257e-001	 -2.2204889e-001	 -2.3027545e-001	
 -4.4191472e-002	 -5.3449836e-002	 -5.7667598e-002	 -5.8541365e-002	 -5.8391482e-002	 -5.9058920e-002	 -6.1129376e-002	 -6.1654981e-002	 -6.0401592e-002	 -6.2486023e-002	 -7.5950004e-002	 -1.0253794e-001	 -1.5922190e-001	 -2.5505221e-001	 -2.6475385e-001	
 -2.7200636e-002	 -3.7456855e-002	 -4.2689040e-002	 -4.4865359e-002	 -4.6559304e-002	 -4.9409330e-002	 -5.3417623e-002	 -5.4222692e-002	 -5.3508010e-002	 -5.7407532e-002	 -7.2786555e-002	 -1.0026819e-001	 -1.5777606e-001	 -2.6151544e-001	 -2.7330571e-001	
 -1.6988706e-002	 -2.7945133e-002	 -3.4102142e-002	 -3.7601188e-002	 -4.1169707e-002	 -4.6066388e-002	 -5.1660597e-002	 -5.2582625e-002	 -5.2900210e-002	 -5.9506670e-002	 -7.7781640e-002	 -1.0710233e-001	 -1.6540623e-001	 -2.7412137e-001	 -2.8603387e-001	
  8.7210126e-003	 -2.5955315e-003	 -9.3905469e-003	 -1.3982220e-002	 -1.9069061e-002	 -2.5547232e-002	 -3.2360192e-002	 -3.3475794e-002	 -3.4835838e-002	 -4.4047069e-002	 -6.5298498e-002	 -9.6823387e-002	 -1.5611388e-001	 -2.6241800e-001	 -2.7442628e-001	
  3.3550613e-002	  2.2311643e-002	  1.5395188e-002	  1.0218232e-002	  4.2618695e-003	 -3.0502891e-003	 -1.0416496e-002	 -1.2115482e-002	 -1.4369970e-002	 -2.5397785e-002	 -4.8497275e-002	 -8.1633553e-002	 -1.4092407e-001	 -2.4293068e-001	 -2.5454584e-001	
  4.1674897e-002	  3.0786373e-002	  2.4041731e-002	  1.8577468e-002	  1.2154692e-002	  4.4042310e-003	 -3.3777810e-003	 -5.5612279e-003	 -7.9521444e-003	 -1.9837176e-002	 -4.3886058e-002	 -7.8216925e-002	 -1.3695344e-001	 -2.3547292e-001	 -2.4823621e-001	
  7.9337381e-002	  6.9156557e-002	  6.2931232e-002	  5.7645470e-002	  5.1347982e-002	  4.3708604e-002	  3.5948530e-002	  3.3056054e-002	  3.0658908e-002	  1.9009350e-002	 -4.3979823e-003	 -3.8782630e-002	 -9.5999740e-002	 -1.9135712e-001	 -2.0977551e-001	
  9.8249167e-002	  8.9018330e-002	  8.3441779e-002	  7.8686535e-002	  7.2969452e-002	  6.5879881e-002	  5.8585119e-002	  5.4892410e-002	  5.2410014e-002	  4.2043071e-002	  2.0864608e-002	 -1.2291903e-002	 -6.8015270e-002	 -1.6070260e-001	 -1.9047667e-001	
  9.4851211e-002	  8.6690351e-002	  8.1755683e-002	  7.7520311e-002	  7.2333440e-002	  6.5801181e-002	  5.9024319e-002	  5.4882038e-002	  5.2287444e-002	  4.3362383e-002	  2.4605898e-002	 -7.1370741e-003	 -6.2937744e-002	 -1.5598023e-001	 -1.9335113e-001	
  9.5397174e-002	  8.8432372e-002	  8.4080935e-002	  8.0263220e-002	  7.5531065e-002	  6.9464102e-002	  6.3103519e-002	  5.8667261e-002	  5.5967137e-002	  4.8477322e-002	  3.2277867e-002	  2.0657557e-003	 -5.4849990e-002	 -1.5007290e-001	 -1.9032094e-001	
  8.9294560e-002	  8.3674304e-002	  7.9896331e-002	  7.6468892e-002	  7.2188720e-002	  6.6553444e-002	  6.0504388e-002	  5.5711322e-002	  5.2851483e-002	  4.7178090e-002	  3.4454450e-002	  7.1507511e-003	 -4.9892094e-002	 -1.4641169e-001	 -1.8858290e-001	
  9.0942860e-002	  8.6701229e-002	  8.3524734e-002	  8.0420122e-002	  7.6392055e-002	  7.0915788e-002	  6.4921021e-002	  5.9849963e-002	  5.6887925e-002	  5.2843213e-002	  4.3147117e-002	  1.8408565e-002	 -3.8542744e-002	 -1.3455346e-001	 -1.7637193e-001	
  1.0472148e-001	  1.0191733e-001	  9.9336982e-002	  9.6486568e-002	  9.2526525e-002	  8.7011591e-002	  8.0904365e-002	  7.5573325e-002	  7.2558425e-002	  6.9904342e-002	  6.2421732e-002	  3.9677490e-002	 -1.4857825e-002	 -1.0905368e-001	 -1.5134974e-001	
  8.4064007e-002	  8.2768679e-002	  8.0801025e-002	  7.8145102e-002	  7.4045151e-002	  6.8293810e-002	  6.1986800e-002	  5.6622580e-002	  5.3861458e-002	  5.2361976e-002	  4.5724694e-002	  2.4072114e-002	 -2.5251847e-002	 -1.1405169e-001	 -1.6107509e-001	
  6.6037789e-002	  6.6092215e-002	  6.4700000e-002	  6.2132541e-002	  5.7762206e-002	  5.1763646e-002	  4.5454755e-002	  4.0593438e-002	  3.8801387e-002	  3.8299337e-002	  3.1270988e-002	  9.7834663e-003	 -3.3864658e-002	 -1.1269992e-001	 -1.6729940e-001	
  5.6273267e-002	  5.7440132e-002	  5.6602024e-002	  5.4061353e-002	  4.9455106e-002	  4.3456815e-002	  3.7622757e-002	  3.3968657e-002	  3.4199268e-002	  3.4790650e-002	  2.6975818e-002	  5.6012273e-003	 -3.2037571e-002	 -9.9377148e-002	 -1.6043799e-001	
  3.7440721e-002	  3.9358009e-002	  3.8987439e-002	  3.6500204e-002	  3.1873740e-002	  2.6272709e-002	  2.1425782e-002	  1.9728344e-002	  2.2418981e-002	  2.3748143e-002	  1.4853067e-002	 -6.5450924e-003	 -3.7488591e-002	 -9.3972169e-002	 -1.5700512e-001	
  1.7005691e-002	  1.9302156e-002	  1.9249707e-002	  1.6910667e-002	  1.2537683e-002	  7.5205881e-003	  3.6328505e-003	  3.4765110e-003	  7.3096482e-003	  7.8310585e-003	 -3.3906449e-003	 -2.5901429e-002	 -5.0400868e-002	 -9.9694714e-002	 -1.5388910e-001	
  1.6138065e-003	  3.9519477e-003	  4.0901070e-003	  2.0029976e-003	 -1.9253932e-003	 -6.3405233e-003	 -9.6079018e-003	 -9.4949640e-003	 -6.7231827e-003	 -9.1809388e-003	 -2.4742771e-002	 -5.0125875e-002	 -6.9923908e-002	 -1.1600281e-001	 -1.5707707e-001	
 -2.6900780e-003	 -6.2931568e-004	 -4.9000775e-004	 -2.4085720e-003	 -5.9214351e-003	 -9.8017612e-003	 -1.2710003e-002	 -1.3043726e-002	 -1.2899539e-002	 -2.0601775e-002	 -4.2603303e-002	 -7.1723267e-002	 -9.0681806e-002	 -1.3813221e-001	 -1.7105040e-001	
 -7.7047171e-003	 -6.2184208e-003	 -6.2590335e-003	 -8.1504248e-003	 -1.1397599e-002	 -1.4886074e-002	 -1.7612822e-002	 -1.8686153e-002	 -2.1906983e-002	 -3.6093868e-002	 -6.5088421e-002	 -9.7690254e-002	 -1.2231585e-001	 -1.7452326e-001	 -2.0150933e-001	
 -1.4056767e-002	 -1.3335473e-002	 -1.3682885e-002	 -1.5615923e-002	 -1.8652424e-002	 -2.1798987e-002	 -2.4440944e-002	 -2.6401095e-002	 -3.2857783e-002	 -5.2626662e-002	 -8.5989490e-002	 -1.2126095e-001	 -1.5726919e-001	 -2.1280295e-001	 -2.3498863e-001	
 -2.3518447e-002	 -2.3704816e-002	 -2.4439091e-002	 -2.6461717e-002	 -2.9312754e-002	 -3.2142282e-002	 -3.4753852e-002	 -3.7710298e-002	 -4.6729729e-002	 -6.9623515e-002	 -1.0325086e-001	 -1.4034204e-001	 -1.8978380e-001	 -2.4325579e-001	 -2.6093727e-001	
 -1.7357728e-002	 -1.8568873e-002	 -1.9865004e-002	 -2.2108475e-002	 -2.4924854e-002	 -2.7569970e-002	 -3.0289790e-002	 -3.4311015e-002	 -4.5396920e-002	 -6.9496676e-002	 -1.0106847e-001	 -1.4026111e-001	 -2.0138933e-001	 -2.4683923e-001	 -2.6065642e-001	
 -8.3292136e-003	 -1.0647805e-002	 -1.2693886e-002	 -1.5316625e-002	 -1.8266911e-002	 -2.0886675e-002	 -2.3929577e-002	 -2.9131487e-002	 -4.1836590e-002	 -6.5509640e-002	 -9.4111182e-002	 -1.3658078e-001	 -2.0346338e-001	 -2.3882888e-001	 -2.4943095e-001	
  1.1372127e-003	 -2.3041109e-003	 -5.1460201e-003	 -8.2155541e-003	 -1.1401639e-002	 -1.4142292e-002	 -1.7627604e-002	 -2.3842655e-002	 -3.7264094e-002	 -5.9144214e-002	 -8.4773131e-002	 -1.3076724e-001	 -1.9842407e-001	 -2.2654149e-001	 -2.3299654e-001	
  3.2976000e-003	 -1.1576889e-003	 -4.7628232e-003	 -8.2814656e-003	 -1.1774130e-002	 -1.4760578e-002	 -1.8741293e-002	 -2.5788361e-002	 -3.9240681e-002	 -5.8734238e-002	 -8.1578121e-002	 -1.3044032e-001	 -1.9615373e-001	 -2.2013171e-001	 -2.2274473e-001	
  1.1773694e-002	  6.3968063e-003	  2.0797506e-003	 -1.9157137e-003	 -5.7563968e-003	 -9.1127716e-003	 -1.3672563e-002	 -2.1360179e-002	 -3.4069754e-002	 -5.0638139e-002	 -7.1171775e-002	 -1.2175211e-001	 -1.8546143e-001	 -2.0821835e-001	 -2.0640293e-001	
  3.3584833e-002	  2.7468486e-002	  2.2753993e-002	  1.8546045e-002	  1.4568722e-002	  1.1041007e-002	  6.1970130e-003	 -1.6479025e-003	 -1.3353002e-002	 -2.7225334e-002	 -4.5222372e-002	 -9.5756002e-002	 -1.5856427e-001	 -1.8098664e-001	 -1.7292710e-001	
  4.0912688e-002	  3.4319207e-002	  2.9528676e-002	  2.5424944e-002	  2.1623116e-002	  1.8152170e-002	  1.3353877e-002	  5.8039506e-003	 -4.6560066e-003	 -1.6256535e-002	 -3.1896655e-002	 -8.0127880e-002	 -1.4313251e-001	 -1.6689873e-001	 -1.4866790e-001	
  4.5377992e-002	  3.8422529e-002	  3.3729363e-002	  2.9887505e-002	  2.6375044e-002	  2.3098212e-002	  1.8589340e-002	  1.1662412e-002	  2.5128277e-003	 -7.1159098e-003	 -2.0405771e-002	 -6.6664137e-002	 -1.3146955e-001	 -1.5835240e-001	 -1.2842923e-001	
  6.8750523e-002	  6.1711621e-002	  5.7334378e-002	  5.3978991e-002	  5.0997891e-002	  4.8164852e-002	  4.4245847e-002	  3.8198136e-002	  3.0164290e-002	  2.1946073e-002	  1.1171503e-002	 -3.1470284e-002	 -9.9271923e-002	 -1.3144937e-001	 -9.2056543e-002	
  6.8586178e-002	  6.1798595e-002	  5.7856757e-002	  5.5096269e-002	  5.2778639e-002	  5.0566588e-002	  4.7460008e-002	  4.2523563e-002	  3.5681702e-002	  2.8510617e-002	  2.0128718e-002	 -1.6146291e-002	 -8.5729733e-002	 -1.2530608e-001	 -8.0358148e-002	
  7.9402216e-002	  7.2965041e-002	  6.9517553e-002	  6.7360431e-002	  6.5645836e-002	  6.4033121e-002	  6.1681502e-002	  5.7796773e-002	  5.2132931e-002	  4.6191320e-002	  3.9833285e-002	  8.1659677e-003	 -6.2751755e-002	 -1.0838626e-001	 -5.8739685e-002	
  1.0790262e-001	  1.0198138e-001	  9.9115521e-002	  9.7584866e-002	  9.6438617e-002	  9.5386267e-002	  9.3730852e-002	  9.0823784e-002	  8.6319163e-002	  8.1732333e-002	  7.6588452e-002	  4.7326345e-002	 -2.2552913e-002	 -7.1357295e-002	 -1.8609526e-002	
  9.0303093e-002	  8.5142314e-002	  8.2901716e-002	  8.1978545e-002	  8.1344694e-002	  8.0778882e-002	  7.9758763e-002	  7.7787444e-002	  7.4488223e-002	  7.1239993e-002	  6.5914758e-002	  3.7074015e-002	 -2.8308680e-002	 -7.6739803e-002	 -2.4964636e-002	
  6.6883087e-002	  6.2627412e-002	  6.0995772e-002	  6.0613304e-002	  6.0401622e-002	  6.0222443e-002	  5.9748452e-002	  5.8615517e-002	  5.6437846e-002	  5.4054543e-002	  4.7281470e-002	  1.8054802e-002	 -4.3001566e-002	 -9.1322646e-002	 -4.3013446e-002	
  6.9616184e-002	  6.6404827e-002	  6.5257296e-002	  6.5252163e-002	  6.5324336e-002	  6.5430850e-002	  6.5454140e-002	  6.5130703e-002	  6.3849941e-002	  6.1699588e-002	  5.4038066e-002	  2.5130713e-002	 -3.5056189e-002	 -8.5573047e-002	 -4.5192260e-002	
  6.6781931e-002	  6.4644113e-002	  6.3821316e-002	  6.4001530e-002	  6.4220451e-002	  6.4525396e-002	  6.4974993e-002	  6.5426826e-002	  6.4910747e-002	  6.2732205e-002	  5.4646056e-002	  2.6046008e-002	 -3.2561742e-002	 -8.3947733e-002	 -6.0744010e-002	
  5.4904442e-002	  5.3606845e-002	  5.3042054e-002	  5.3311136e-002	  5.3583108e-002	  5.4011375e-002	  5.4788679e-002	  5.5910096e-002	  5.6173004e-002	  5.3998493e-002	  4.4856839e-002	  1.5800364e-002	 -3.9317124e-002	 -9.0046272e-002	 -8.4838271e-002	
  4.3575801e-002	  4.2856894e-002	  4.2499747e-002	  4.2835318e-002	  4.3143891e-002	  4.3695513e-002	  4.4772960e-002	  4.6489365e-002	  4.7518682e-002	  4.5554541e-002	  3.4994926e-002	  4.4765151e-003	 -4.6768766e-002	 -9.5129415e-002	 -1.0160184e-001	
  3.0677319e-002	  3.0378908e-002	  3.0229818e-002	  3.0676330e-002	  3.1035841e-002	  3.1705089e-002	  3.3080071e-002	  3.5309076e-002	  3.7040241e-002	  3.5480980e-002	  2.3468923e-002	 -8.5688718e-003	 -5.4810911e-002	 -9.7816601e-002	 -1.0974263e-001	
 -4.9030860e-003	 -5.0117625e-003	 -4.9585653e-003	 -4.3658963e-003	 -3.9298083e-003	 -3.1039591e-003	 -1.3958378e-003	  1.2316298e-003	  3.3880721e-003	  1.8096489e-003	 -1.2324333e-002	 -4.5592129e-002	 -8.4049135e-002	 -1.1961653e-001	 -1.3207960e-001	
 -9.5250709e-003	 -9.8730363e-003	 -9.6563511e-003	 -8.9003006e-003	 -8.4093399e-003	 -7.4686883e-003	 -5.5026151e-003	 -2.6373321e-003	 -3.2346576e-004	 -2.5079800e-003	 -1.9220022e-002	 -5.2667543e-002	 -8.2144298e-002	 -1.0998575e-001	 -1.2114398e-001	
 -1.8556230e-002	 -1.9452563e-002	 -1.9164082e-002	 -1.8304743e-002	 -1.7835222e-002	 -1.6916133e-002	 -1.4922647e-002	 -1.2174336e-002	 -1.0208767e-002	 -1.3799041e-002	 -3.3333518e-002	 -6.6094540e-002	 -8.6840540e-002	 -1.0886601e-001	 -1.1981660e-001	
 -1.4589657e-002	 -1.6223451e-002	 -1.6003249e-002	 -1.5177833e-002	 -1.4883746e-002	 -1.4177442e-002	 -1.2444970e-002	 -1.0223472e-002	 -9.2549725e-003	 -1.5146570e-002	 -3.7716344e-002	 -6.9048718e-002	 -8.2961142e-002	 -1.0277735e-001	 -1.1504218e-001	
 -2.8169151e-002	 -3.0582383e-002	 -3.0632297e-002	 -3.0063011e-002	 -3.0185543e-002	 -2.9972143e-002	 -2.8844580e-002	 -2.7577396e-002	 -2.8248368e-002	 -3.7063967e-002	 -6.2181786e-002	 -9.0059116e-002	 -1.0075240e-001	 -1.2191826e-001	 -1.3687289e-001	
 -5.3809829e-002	 -5.6936853e-002	 -5.7505429e-002	 -5.7531767e-002	 -5.8350295e-002	 -5.8836866e-002	 -5.8693111e-002	 -5.8993645e-002	 -6.2080175e-002	 -7.3957942e-002	 -9.9326126e-002	 -1.2193896e-001	 -1.3312662e-001	 -1.5690050e-001	 -1.7541859e-001	
 -4.9010865e-002	 -5.2865807e-002	 -5.4306738e-002	 -5.5310577e-002	 -5.7118531e-002	 -5.8639053e-002	 -5.9881818e-002	 -6.2022310e-002	 -6.7312539e-002	 -8.0872670e-002	 -1.0426034e-001	 -1.2222223e-001	 -1.3600035e-001	 -1.6341895e-001	 -1.8589318e-001	
 -2.7112804e-002	 -3.1712186e-002	 -3.4304060e-002	 -3.6622658e-002	 -3.9701834e-002	 -4.2510338e-002	 -4.5480035e-002	 -4.9588181e-002	 -5.6509387e-002	 -7.0074067e-002	 -8.9180037e-002	 -1.0397627e-001	 -1.2158202e-001	 -1.5291794e-001	 -1.7906749e-001	
  1.1823158e-002	  6.4412761e-003	  2.6642303e-003	 -9.1685919e-004	 -5.2683540e-003	 -9.4494512e-003	 -1.4018662e-002	 -1.9555774e-002	 -2.6973560e-002	 -3.9011680e-002	 -5.3693224e-002	 -6.7181200e-002	 -8.8777535e-002	 -1.2363558e-001	 -1.5312433e-001	
  3.5682318e-003	 -2.5167053e-003	 -7.2990004e-003	 -1.1930776e-002	 -1.7383942e-002	 -2.2804080e-002	 -2.8650114e-002	 -3.5103507e-002	 -4.2336475e-002	 -5.2287485e-002	 -6.3289940e-002	 -7.6194733e-002	 -1.0127500e-001	 -1.3799301e-001	 -1.6894628e-001	
  5.4764827e-003	 -1.2210918e-003	 -6.8985098e-003	 -1.2475808e-002	 -1.8922189e-002	 -2.5447505e-002	 -3.2350510e-002	 -3.9419182e-002	 -4.6110660e-002	 -5.3882286e-002	 -6.1773408e-002	 -7.4679360e-002	 -1.0319473e-001	 -1.3998342e-001	 -1.7038566e-001	
  2.5755769e-002	  1.8645089e-002	  1.2570969e-002	  6.5354756e-003	 -4.2380954e-004	 -7.5858408e-003	 -1.5059447e-002	 -2.2404313e-002	 -2.8575253e-002	 -3.4740187e-002	 -4.0789656e-002	 -5.4303661e-002	 -8.5942924e-002	 -1.2169632e-001	 -1.5109560e-001	
  2.8179804e-002	  2.0799113e-002	  1.4777794e-002	  8.7466827e-003	  1.7697017e-003	 -5.5894637e-003	 -1.3204553e-002	 -2.0557020e-002	 -2.6329329e-002	 -3.1422947e-002	 -3.6468573e-002	 -5.0664667e-002	 -8.5346706e-002	 -1.2013005e-001	 -1.4863846e-001	
  4.4476405e-002	  3.6998417e-002	  3.1249002e-002	  2.5574122e-002	  1.8964272e-002	  1.1736685e-002	  4.2753741e-003	 -2.8841195e-003	 -8.3591733e-003	 -1.2744990e-002	 -1.7215226e-002	 -3.2234497e-002	 -7.0233285e-002	 -1.0470650e-001	 -1.3234499e-001	
  6.4097621e-002	  5.6720324e-002	  5.1524736e-002	  4.6569586e-002	  4.0691849e-002	  3.3950917e-002	  2.6992079e-002	  2.0315044e-002	  1.5136528e-002	  1.1158003e-002	  6.8657766e-003	 -8.4881531e-003	 -4.8953742e-002	 -8.3462000e-002	 -1.1048613e-001	
  6.0970012e-002	  5.3825580e-002	  4.9195316e-002	  4.5073446e-002	  4.0090408e-002	  3.4097187e-002	  2.7851917e-002	  2.1872431e-002	  1.7163800e-002	  1.3681852e-002	  9.6742101e-003	 -5.6359731e-003	 -4.6887636e-002	 -8.1050657e-002	 -1.0811585e-001	
  7.7950060e-002	  7.1127467e-002	  6.7001477e-002	  6.3706040e-002	  5.9552453e-002	  5.4313097e-002	  4.8816726e-002	  4.3669492e-002	  3.9754264e-002	  3.7155971e-002	  3.3085428e-002	  1.6669808e-002	 -2.3155479e-002	 -5.4506194e-002	 -8.0871835e-002	
  1.0664505e-001	  1.0036514e-001	  9.6851580e-002	  9.4349846e-002	  9.0914562e-002	  8.6398013e-002	  8.1680432e-002	  7.7553369e-002	  7.4820265e-002	  7.3082156e-002	  6.8026885e-002	  5.0866775e-002	  1.7722186e-002	 -7.7658910e-003	 -3.2317482e-002	
  1.0336076e-001	  9.8046035e-002	  9.5315531e-002	  9.3502626e-002	  9.0709418e-002	  8.6939812e-002	  8.3063073e-002	  7.9985507e-002	  7.8359522e-002	  7.7062324e-002	  7.0791066e-002	  5.4246582e-002	  2.8014109e-002	  8.3236350e-003	 -1.4536272e-002	
  7.6751411e-002	  7.2707906e-002	  7.0711464e-002	  6.9441080e-002	  6.7271419e-002	  6.4298764e-002	  6.1313819e-002	  5.9100192e-002	  5.8077451e-002	  5.6691092e-002	  4.9004737e-002	  3.0590696e-002	  4.6558590e-003	 -1.2594322e-002	 -3.5467450e-002	
  5.4515600e-002	  5.1763542e-002	  5.0499476e-002	  4.9736001e-002	  4.8191860e-002	  4.6023615e-002	  4.3877807e-002	  4.2407811e-002	  4.1796654e-002	  4.0208369e-002	  3.1159006e-002	  9.2099700e-003	 -2.0290466e-002	 -3.7324540e-002	 -6.0600877e-002	
  4.6523325e-002	  4.4921085e-002	  4.4387423e-002	  4.4213206e-002	  4.3313824e-002	  4.1861884e-002	  4.0469043e-002	  3.9716039e-002	  3.9582375e-002	  3.7900906e-002	  2.7842840e-002	  1.8141846e-003	 -3.2531977e-002	 -5.0923143e-002	 -7.3986910e-002	
  5.0536253e-002	  4.9923394e-002	  5.0116196e-002	  5.0561875e-002	  5.0288282e-002	  4.9491867e-002	  4.8769049e-002	  4.8673566e-002	  4.9045458e-002	  4.7452036e-002	  3.6554188e-002	  6.4207381e-003	 -3.3311836e-002	 -5.3929858e-002	 -7.6100469e-002	
  4.5034356e-002	  4.5157760e-002	  4.5991272e-002	  4.7024302e-002	  4.7316194e-002	  4.7127567e-002	  4.7015775e-002	  4.7496300e-002	  4.8311766e-002	  4.6781890e-002	  3.5002075e-002	  6.9869641e-004	 -4.4230346e-002	 -6.7326672e-002	 -8.7713152e-002	
  3.1688713e-002	  3.2288082e-002	  3.3665873e-002	  3.5214446e-002	  3.6007471e-002	  3.6383808e-002	  3.6838196e-002	  3.7833162e-002	  3.8989302e-002	  3.7385836e-002	  2.4564415e-002	 -1.3560604e-002	 -6.2226862e-002	 -8.7301984e-002	 -1.0553917e-001	
 -5.8579294e-004	  2.0757935e-004	  1.9821324e-003	  3.9279894e-003	  5.1481412e-003	  6.0471413e-003	  7.0524327e-003	  8.5427845e-003	  9.8916609e-003	  7.8487769e-003	 -6.6184313e-003	 -4.8876129e-002	 -9.8259225e-002	 -1.2353220e-001	 -1.3822991e-001	
 -1.7444942e-002	 -1.6654817e-002	 -1.4625498e-002	 -1.2435446e-002	 -1.0925734e-002	 -9.6205864e-003	 -8.1365006e-003	 -6.2820711e-003	 -5.0785197e-003	 -8.2971472e-003	 -2.5507368e-002	 -7.1055710e-002	 -1.1766028e-001	 -1.4156613e-001	 -1.5178092e-001	
 -1.7305555e-002	 -1.6666085e-002	 -1.4509607e-002	 -1.2220028e-002	 -1.0568216e-002	 -9.0050269e-003	 -7.1844626e-003	 -5.1284800e-003	 -4.2533907e-003	 -8.8543743e-003	 -2.8866809e-002	 -7.7833399e-002	 -1.1853013e-001	 -1.4105460e-001	 -1.4751182e-001	
 -2.4560750e-002	 -2.4157643e-002	 -2.2028733e-002	 -1.9853227e-002	 -1.8245231e-002	 -1.6573060e-002	 -1.4569664e-002	 -1.2605242e-002	 -1.2530759e-002	 -1.9215571e-002	 -4.2794086e-002	 -9.2840314e-002	 -1.2606093e-001	 -1.4823040e-001	 -1.5245470e-001	
 -1.4710804e-002	 -1.4610194e-002	 -1.2711738e-002	 -1.0909198e-002	 -9.5650982e-003	 -7.9926010e-003	 -6.0935104e-003	 -4.7280593e-003	 -6.1760787e-003	 -1.5743269e-002	 -4.3147422e-002	 -9.0211138e-002	 -1.1589795e-001	 -1.3899870e-001	 -1.4266828e-001	
 -2.2789560e-002	 -2.3060720e-002	 -2.1644983e-002	 -2.0486960e-002	 -1.9663297e-002	 -1.8479938e-002	 -1.7099816e-002	 -1.6874440e-002	 -2.0311955e-002	 -3.2934569e-002	 -6.2862597e-002	 -1.0275218e-001	 -1.2287844e-001	 -1.4865148e-001	 -1.5208417e-001	
 -4.9737077e-002	 -5.0501455e-002	 -4.9806193e-002	 -4.9555928e-002	 -4.9553387e-002	 -4.9094304e-002	 -4.8725434e-002	 -5.0161086e-002	 -5.5917419e-002	 -7.1140498e-002	 -1.0121218e-001	 -1.3222700e-001	 -1.4929131e-001	 -1.7960188e-001	 -1.8100497e-001	
 -4.1962087e-002	 -4.3341644e-002	 -4.3575000e-002	 -4.4531077e-002	 -4.5679957e-002	 -4.6348128e-002	 -4.7592212e-002	 -5.1294886e-002	 -5.9613541e-002	 -7.6641232e-002	 -1.0349863e-001	 -1.2520421e-001	 -1.4291447e-001	 -1.7812231e-001	 -1.7639154e-001	
 -1.7754044e-002	 -1.9889459e-002	 -2.1096546e-002	 -2.3268670e-002	 -2.5696987e-002	 -2.7690368e-002	 -3.0617600e-002	 -3.6182970e-002	 -4.5985583e-002	 -6.2760465e-002	 -8.4696919e-002	 -9.9639118e-002	 -1.2038892e-001	 -1.6016984e-001	 -1.5500462e-001	
  4.1250386e-003	  1.1789902e-003	 -9.2769117e-004	 -4.2461441e-003	 -7.9737706e-003	 -1.1325640e-002	 -1.5820870e-002	 -2.2805121e-002	 -3.3205234e-002	 -4.8350375e-002	 -6.4762041e-002	 -7.5255074e-002	 -1.0049476e-001	 -1.4286357e-001	 -1.3223799e-001	
  1.5377067e-002	  1.1672700e-002	  8.8045793e-003	  4.4729291e-003	 -4.5914593e-004	 -5.1019355e-003	 -1.0922434e-002	 -1.8818125e-002	 -2.9023718e-002	 -4.1540030e-002	 -5.2682139e-002	 -6.0937360e-002	 -9.1293827e-002	 -1.3378635e-001	 -1.1330168e-001	
  3.4571566e-002	  3.0209258e-002	  2.6896534e-002	  2.1968421e-002	  1.6202074e-002	  1.0681770e-002	  4.1597639e-003	 -3.9140442e-003	 -1.3234849e-002	 -2.3017742e-002	 -2.9802479e-002	 -3.6780890e-002	 -7.1042821e-002	 -1.1264616e-001	 -8.1790149e-002	
  4.0338799e-002	  3.5437502e-002	  3.1898156e-002	  2.6686650e-002	  2.0412143e-002	  1.4308428e-002	  7.4498677e-003	 -4.2443248e-004	 -8.5558333e-003	 -1.5687082e-002	 -1.8768093e-002	 -2.5262218e-002	 -6.2497772e-002	 -1.0185507e-001	 -6.3170165e-002	
  4.9089380e-002	  4.3759726e-002	  4.0088154e-002	  3.4861870e-002	  2.8381839e-002	  2.1945270e-002	  1.5052136e-002	  7.6667098e-003	  8.2155393e-004	 -3.9229323e-003	 -4.1354778e-003	 -1.1203088e-002	 -5.1540300e-002	 -8.8279113e-002	 -4.3667041e-002	
  7.7797249e-002	  7.2278254e-002	  6.8509839e-002	  6.3568294e-002	  5.7364721e-002	  5.0999634e-002	  4.4460893e-002	  3.7771773e-002	  3.1998191e-002	  2.8949546e-002	  3.0736560e-002	  2.3389610e-002	 -1.9670615e-002	 -5.5276074e-002	 -8.0032274e-003	
  6.0135014e-002	  5.4647349e-002	  5.0757330e-002	  4.6114165e-002	  4.0353775e-002	  3.4286376e-002	  2.8273797e-002	  2.2370858e-002	  1.7550671e-002	  1.5817298e-002	  1.9015884e-002	  1.1725554e-002	 -3.4038171e-002	 -6.9457665e-002	 -2.1414837e-002	
  5.9804935e-002	  5.4589748e-002	  5.0617285e-002	  4.6223011e-002	  4.0923148e-002	  3.5263978e-002	  2.9828852e-002	  2.4744382e-002	  2.0867417e-002	  2.0234641e-002	  2.4163792e-002	  1.6645743e-002	 -3.1637222e-002	 -6.7240253e-002	 -1.7374540e-002	
  8.0402255e-002	  7.5762689e-002	  7.1839407e-002	  6.7710988e-002	  6.2891290e-002	  5.7734258e-002	  5.2912802e-002	  4.8627887e-002	  4.5621317e-002	  4.5766428e-002	  4.9693562e-002	  4.1775465e-002	 -8.0628470e-003	 -4.4103950e-002	  4.5647435e-003	
  9.0217650e-002	  8.6646728e-002	  8.2969606e-002	  7.9152279e-002	  7.4801244e-002	  7.0176788e-002	  6.5947190e-002	  6.2366154e-002	  6.0087003e-002	  6.0695082e-002	  6.4452976e-002	  5.6973469e-002	  4.8285495e-003	 -3.1965695e-002	  1.0057638e-002	
  8.9701921e-002	  8.7810628e-002	  8.4598586e-002	  8.1181809e-002	  7.7305004e-002	  7.3183678e-002	  6.9461726e-002	  6.6473961e-002	  6.4810328e-002	  6.5740973e-002	  6.9169626e-002	  6.2260065e-002	  7.9735750e-003	 -2.9953385e-002	  2.9053397e-003	
  6.8712331e-002	  6.8572648e-002	  6.6046648e-002	  6.3156545e-002	  5.9798814e-002	  5.6187190e-002	  5.2948780e-002	  5.0443143e-002	  4.9221598e-002	  5.0323531e-002	  5.3330135e-002	  4.7216564e-002	 -8.5782511e-003	 -4.7880732e-002	 -2.4935069e-002	
  4.5436602e-002	  4.6424516e-002	  4.4627964e-002	  4.2337213e-002	  3.9515510e-002	  3.6397710e-002	  3.3575222e-002	  3.1476721e-002	  3.0685978e-002	  3.2067526e-002	  3.4705181e-002	  2.8496528e-002	 -2.8300859e-002	 -6.7596689e-002	 -5.2512482e-002	
  3.1011913e-002	  3.2678112e-002	  3.1554930e-002	  2.9878872e-002	  2.7588038e-002	  2.4952354e-002	  2.2533124e-002	  2.0834839e-002	  2.0527823e-002	  2.2284286e-002	  2.4457550e-002	  1.6640281e-002	 -4.0294398e-002	 -7.7235863e-002	 -6.6453196e-002	
  2.9092781e-002	  3.0860323e-002	  3.0298579e-002	  2.9226530e-002	  2.7448189e-002	  2.5273969e-002	  2.3253197e-002	  2.1967385e-002	  2.2155602e-002	  2.4249367e-002	  2.5597915e-002	  1.4738759e-002	 -4.1014507e-002	 -7.2433531e-002	 -6.3011080e-002	
  2.6520858e-002	  2.7955277e-002	  2.7829975e-002	  2.7299166e-002	  2.5998676e-002	  2.4270663e-002	  2.2666924e-002	  2.1853013e-002	  2.2489758e-002	  2.4592355e-002	  2.4315381e-002	  9.6016657e-003	 -4.2393245e-002	 -6.5890349e-002	 -5.7607707e-002	
  9.7930804e-004	  1.8797910e-003	  2.0162396e-003	  1.9289161e-003	  1.0308537e-003	 -3.0585239e-004	 -1.5152094e-003	 -1.8729127e-003	 -8.9742459e-004	  8.4676669e-004	 -1.5554496e-003	 -1.9327048e-002	 -6.7695796e-002	 -8.2946919e-002	 -7.6441780e-002	
 -1.1329261e-002	 -1.1191313e-002	 -1.0978873e-002	 -1.0764160e-002	 -1.1402303e-002	 -1.2472582e-002	 -1.3365567e-002	 -1.3328835e-002	 -1.2203798e-002	 -1.1318544e-002	 -1.6353277e-002	 -3.7012137e-002	 -8.1219092e-002	 -8.8472240e-002	 -8.4096849e-002	
 -2.9135443e-002	 -2.9902812e-002	 -2.9808043e-002	 -2.9468726e-002	 -3.0010283e-002	 -3.0937206e-002	 -3.1595044e-002	 -3.1310920e-002	 -3.0408155e-002	 -3.1000782e-002	 -3.9062805e-002	 -6.3145369e-002	 -1.0052977e-001	 -1.0068117e-001	 -9.8664820e-002	
 -3.7082978e-002	 -3.8771987e-002	 -3.8986780e-002	 -3.8791932e-002	 -3.9470591e-002	 -4.0426396e-002	 -4.0958494e-002	 -4.0701814e-002	 -4.0600352e-002	 -4.3465547e-002	 -5.5144534e-002	 -8.2457080e-002	 -1.0948277e-001	 -1.0423595e-001	 -1.0566266e-001	
 -1.2910199e-002	 -1.5446709e-002	 -1.6149750e-002	 -1.6388834e-002	 -1.7445723e-002	 -1.8615253e-002	 -1.9287996e-002	 -1.9640161e-002	 -2.1171374e-002	 -2.7175408e-002	 -4.2651843e-002	 -7.0049301e-002	 -8.4858812e-002	 -7.7554151e-002	 -8.4170185e-002	
 -4.0521361e-003	 -7.3526111e-003	 -8.7527530e-003	 -9.7225802e-003	 -1.1414801e-002	 -1.3055637e-002	 -1.4312154e-002	 -1.5923755e-002	 -1.9662580e-002	 -2.8807366e-002	 -4.6731237e-002	 -7.0489600e-002	 -7.4282840e-002	 -6.8587765e-002	 -8.1143782e-002	
 -4.4116002e-002	 -4.8140109e-002	 -5.0426424e-002	 -5.2300744e-002	 -5.4820973e-002	 -5.7231400e-002	 -5.9600119e-002	 -6.3037246e-002	 -6.9202304e-002	 -8.0858454e-002	 -9.8962113e-002	 -1.1594208e-001	 -1.1233213e-001	 -1.1116128e-001	 -1.2890121e-001	
 -4.9346760e-002	 -5.4076210e-002	 -5.7407558e-002	 -6.0284715e-002	 -6.3798919e-002	 -6.7252293e-002	 -7.1201995e-002	 -7.6784834e-002	 -8.5176140e-002	 -9.8129526e-002	 -1.1399142e-001	 -1.2293361e-001	 -1.1584368e-001	 -1.2050776e-001	 -1.4268419e-001	
 -1.9560048e-002	 -2.4986882e-002	 -2.9201565e-002	 -3.2878287e-002	 -3.7282020e-002	 -4.1841399e-002	 -4.7368411e-002	 -5.4713912e-002	 -6.4361066e-002	 -7.6953903e-002	 -8.9142308e-002	 -9.1858506e-002	 -8.4935904e-002	 -9.4232269e-002	 -1.1913391e-001	
 -7.5586895e-003	 -1.3576106e-002	 -1.8416910e-002	 -2.2661706e-002	 -2.7797263e-002	 -3.3292577e-002	 -4.0067084e-002	 -4.8574571e-002	 -5.8639489e-002	 -6.9939777e-002	 -7.8528158e-002	 -7.6982573e-002	 -7.1240850e-002	 -8.2730763e-002	 -1.0811108e-001	
  8.8867815e-003	  2.4142326e-003	 -2.7747995e-003	 -7.3391548e-003	 -1.2984104e-002	 -1.9204337e-002	 -2.6876181e-002	 -3.6060095e-002	 -4.5902409e-002	 -5.5524215e-002	 -6.1123140e-002	 -5.7121038e-002	 -5.2509211e-002	 -6.3849606e-002	 -8.7789282e-002	
  3.4742683e-002	  2.7985834e-002	  2.2889109e-002	  1.8360630e-002	  1.2560355e-002	  5.9604654e-003	 -2.1163537e-003	 -1.1425203e-002	 -2.0639502e-002	 -2.8780531e-002	 -3.2173268e-002	 -2.7463131e-002	 -2.4388948e-002	 -3.4117620e-002	 -5.4662503e-002	
  3.4513742e-002	  2.7562307e-002	  2.2811059e-002	  1.8578839e-002	  1.2901207e-002	  6.2007345e-003	 -1.9079497e-003	 -1.0933059e-002	 -1.9343235e-002	 -2.6074838e-002	 -2.7926669e-002	 -2.3682551e-002	 -2.2511939e-002	 -3.0036215e-002	 -4.6009064e-002	
  5.6497999e-002	  4.9423665e-002	  4.5170348e-002	  4.1440651e-002	  3.6095694e-002	  2.9539205e-002	  2.1719724e-002	  1.3277905e-002	  5.7828827e-003	  3.4133508e-004	 -5.7756901e-004	  2.1857184e-003	  7.5467612e-004	 -4.7898348e-003	 -1.6128857e-002	
  7.4408159e-002	  6.7254856e-002	  6.3505858e-002	  6.0412828e-002	  5.5678744e-002	  4.9617395e-002	  4.2516224e-002	  3.4975212e-002	  2.8461704e-002	  2.4062296e-002	  2.3391733e-002	  2.3980180e-002	  1.9070793e-002	  1.4227006e-002	  7.2128978e-003	
  5.4455496e-002	  4.7333036e-002	  4.3894075e-002	  4.1421015e-002	  3.7422687e-002	  3.2072846e-002	  2.5923174e-002	  1.9522674e-002	  1.4099088e-002	  1.0718307e-002	  1.0045861e-002	  8.0735758e-003	 -1.5138143e-003	 -6.9655334e-003	 -1.0274357e-002	
  4.6530306e-002	  3.9605942e-002	  3.6323942e-002	  3.4344133e-002	  3.1092664e-002	  2.6572078e-002	  2.1502178e-002	  1.6429717e-002	  1.2265728e-002	  9.9472255e-003	  9.1577778e-003	  4.4083651e-003	 -1.0676826e-002	 -1.7481061e-002	 -1.7477179e-002	
  5.5618063e-002	  4.9097814e-002	  4.5909509e-002	  4.4312678e-002	  4.1782714e-002	  3.8156953e-002	  3.4225363e-002	  3.0532504e-002	  2.7671881e-002	  2.6379092e-002	  2.5443947e-002	  1.8197918e-002	 -2.6781796e-003	 -1.1452041e-002	 -8.2020061e-003	
  8.1075788e-002	  7.5234003e-002	  7.2168946e-002	  7.0808880e-002	  6.8908855e-002	  6.6171557e-002	  6.3335948e-002	  6.0955599e-002	  5.9380401e-002	  5.9072342e-002	  5.8170062e-002	  4.8859436e-002	  2.1660797e-002	  1.0429802e-002	  1.7656978e-002	
  9.3543276e-002	  8.8589683e-002	  8.5752435e-002	  8.4576398e-002	  8.3188646e-002	  8.1232801e-002	  7.9349048e-002	  7.8150526e-002	  7.7780917e-002	  7.8410164e-002	  7.7575386e-002	  6.6563837e-002	  3.3046797e-002	  1.8841689e-002	  3.3737376e-002	
  7.1176365e-002	  6.7218453e-002	  6.4710975e-002	  6.3714050e-002	  6.2728688e-002	  6.1423123e-002	  6.0330041e-002	  6.0118850e-002	  6.0788658e-002	  6.2211059e-002	  6.1502229e-002	  4.9220499e-002	  9.6533904e-003	 -7.7329036e-003	  1.8838078e-002	
  4.2938702e-002	  3.9935343e-002	  3.7883930e-002	  3.7091505e-002	  3.6415149e-002	  3.5614263e-002	  3.5120957e-002	  3.5683110e-002	  3.7228949e-002	  3.9317451e-002	  3.8743071e-002	  2.5278658e-002	 -1.9870637e-002	 -3.9374128e-002	  1.7360713e-003	
  2.8387938e-002	  2.6216369e-002	  2.4670737e-002	  2.4124051e-002	  2.3709906e-002	  2.3320315e-002	  2.3306211e-002	  2.4518047e-002	  2.6850397e-002	  2.9556407e-002	  2.8810007e-002	  1.3630631e-002	 -3.6683157e-002	 -5.5940390e-002	 -1.5746964e-004	
  1.9110184e-002	  1.7574523e-002	  1.6501009e-002	  1.6193142e-002	  1.5988396e-002	  1.5926231e-002	  1.6358865e-002	  1.8149385e-002	  2.1011490e-002	  2.3839997e-002	  2.1866160e-002	  3.6515091e-003	 -4.7882743e-002	 -6.3456871e-002	  3.5353375e-003	
  2.0603815e-002	  1.9512773e-002	  1.8845726e-002	  1.8746432e-002	  1.8720470e-002	  1.8938955e-002	  1.9805074e-002	  2.2098072e-002	  2.5211418e-002	  2.7524946e-002	  2.3031482e-002	  7.0811209e-004	 -4.7586977e-002	 -5.5275269e-002	  2.2399144e-002	
  8.6580804e-003	  7.9088230e-003	  7.6049902e-003	  7.6519903e-003	  7.7363709e-003	  8.1867902e-003	  9.4889412e-003	  1.2157714e-002	  1.5109744e-002	  1.5958123e-002	  7.6591210e-003	 -1.8230550e-002	 -5.9827626e-002	 -5.8147512e-002	  2.9450392e-002	
 -7.0311837e-003	 -7.5856177e-003	 -7.6498091e-003	 -7.5972765e-003	 -7.5409207e-003	 -6.9804247e-003	 -5.3713028e-003	 -2.6439144e-003	 -4.8748837e-004	 -2.0325375e-003	 -1.4059264e-002	 -4.1714288e-002	 -7.5898021e-002	 -6.7893982e-002	  2.6502563e-002	
 -2.6816305e-002	 -2.7276041e-002	 -2.7271280e-002	 -2.7412288e-002	 -2.7580466e-002	 -2.7090440e-002	 -2.5448184e-002	 -2.3142530e-002	 -2.2321152e-002	 -2.6419140e-002	 -4.1253880e-002	 -6.9816083e-002	 -9.5398381e-002	 -8.5841261e-002	  1.2452541e-002	
 -3.8410068e-002	 -3.8862012e-002	 -3.8977876e-002	 -3.9542031e-002	 -4.0148530e-002	 -3.9920948e-002	 -3.8606513e-002	 -3.7367139e-002	 -3.8556766e-002	 -4.5598023e-002	 -6.2892310e-002	 -9.0116516e-002	 -1.0498247e-001	 -9.6141353e-002	  5.1993928e-003	
 -3.6722016e-002	 -3.7261508e-002	 -3.7770957e-002	 -3.9027549e-002	 -4.0276162e-002	 -4.0568527e-002	 -4.0184222e-002	 -4.0852748e-002	 -4.4817213e-002	 -5.5123508e-002	 -7.3701106e-002	 -9.4876185e-002	 -9.8961033e-002	 -9.0092890e-002	  1.1214403e-002	
 -1.5610037e-002	 -1.6392067e-002	 -1.7515488e-002	 -1.9662406e-002	 -2.1792635e-002	 -2.3001015e-002	 -2.4172833e-002	 -2.7224412e-002	 -3.3932030e-002	 -4.6392974e-002	 -6.4026833e-002	 -7.6709166e-002	 -7.3870257e-002	 -6.4045340e-002	  3.0000070e-002	
 -1.8427409e-002	 -1.9609373e-002	 -2.1492604e-002	 -2.4649955e-002	 -2.7845316e-002	 -3.0321721e-002	 -3.3484392e-002	 -3.9005496e-002	 -4.7846716e-002	 -6.1053835e-002	 -7.5404853e-002	 -7.8901052e-002	 -7.2614938e-002	 -6.4045444e-002	  1.4350849e-002	
 -2.3799973e-002	 -2.5498006e-002	 -2.8173465e-002	 -3.2357402e-002	 -3.6721885e-002	 -4.0639542e-002	 -4.5781251e-002	 -5.3261947e-002	 -6.3250557e-002	 -7.5500868e-002	 -8.4998429e-002	 -8.0372334e-002	 -7.0988029e-002	 -3.6932465e-002	 -3.4089457e-002	
 -2.7431786e-002	 -2.9703597e-002	 -3.3073295e-002	 -3.8185775e-002	 -4.3703869e-002	 -4.9058042e-002	 -5.5922233e-002	 -6.4678177e-002	 -7.4591883e-002	 -8.4563486e-002	 -8.8781118e-002	 -7.8224376e-002	 -6.5651543e-002	 -4.0846333e-002	 -3.2535441e-002	
 -1.7922377e-002	 -2.0758389e-002	 -2.4637436e-002	 -3.0455885e-002	 -3.6946494e-002	 -4.3487485e-002	 -5.1428944e-002	 -6.0584005e-002	 -6.9612600e-002	 -7.7298149e-002	 -7.7916853e-002	 -6.5550923e-002	 -5.5036291e-002	 -3.2597229e-002	 -1.5055119e-002	
  8.4587084e-003	  5.0742212e-003	  9.0796850e-004	 -5.3148461e-003	 -1.2458854e-002	 -1.9821875e-002	 -2.8265081e-002	 -3.7262090e-002	 -4.5271114e-002	 -5.1168315e-002	 -5.0106581e-002	 -3.8995933e-002	 -3.2809757e-002	 -4.5364760e-003	  5.2908310e-003	
  2.1700727e-002	  1.7903602e-002	  1.3711429e-002	  7.4496600e-003	  7.3522446e-005	 -7.6795709e-003	 -1.6180312e-002	 -2.4771811e-002	 -3.1886768e-002	 -3.6387682e-002	 -3.4842115e-002	 -2.5794726e-002	 -2.3160752e-002	  5.4399730e-003	  1.2911236e-002	
  1.9464321e-002	  1.5387194e-002	  1.1343855e-002	  5.2933847e-003	 -2.0194382e-003	 -9.8185297e-003	 -1.8099524e-002	 -2.6091358e-002	 -3.2302529e-002	 -3.5580009e-002	 -3.3844195e-002	 -2.6621765e-002	 -2.7375139e-002	 -6.0528901e-004	  6.1690169e-003	
  3.4565728e-002	  3.0321857e-002	  2.6575971e-002	  2.0900190e-002	  1.3844138e-002	  6.2606726e-003	 -1.5462525e-003	 -8.6973244e-003	 -1.3789681e-002	 -1.5972884e-002	 -1.4162482e-002	 -8.7467730e-003	 -1.1746725e-002	  1.1706137e-002	  1.6900750e-002	
  6.3481405e-002	  5.9185702e-002	  5.5840593e-002	  5.0833587e-002	  4.4393472e-002	  3.7381340e-002	  3.0359311e-002	  2.4129920e-002	  1.9935081e-002	  1.8401045e-002	  1.9988034e-002	  2.3882052e-002	  1.9731505e-002	  3.8219739e-002	  4.1231148e-002	
  8.0250658e-002	  7.6062627e-002	  7.3087424e-002	  6.8798557e-002	  6.3128024e-002	  5.6905318e-002	  5.0850887e-002	  4.5715686e-002	  4.2456325e-002	  4.1618545e-002	  4.3008152e-002	  4.5513555e-002	  3.9941527e-002	  5.2068390e-002	  5.4429658e-002	
  7.3398307e-002	  6.9483861e-002	  6.6847891e-002	  6.3309409e-002	  5.8554679e-002	  5.3309388e-002	  4.8389237e-002	  4.4455808e-002	  4.2178676e-002	  4.1985989e-002	  4.3105897e-002	  4.4299599e-002	  3.6756687e-002	  4.2144783e-002	  4.4252854e-002	
  5.1123381e-002	  4.7596999e-002	  4.5324437e-002	  4.2547066e-002	  3.8786344e-002	  3.4627486e-002	  3.0907301e-002	  2.8195931e-002	  2.6965024e-002	  2.7373578e-002	  2.8357422e-002	  2.8756894e-002	  2.0552380e-002	  2.0370902e-002	  2.3530936e-002	
  3.4365948e-002	  3.1265385e-002	  2.9424202e-002	  2.7394719e-002	  2.4597112e-002	  2.1552693e-002	  1.9114813e-002	  1.7823856e-002	  1.7840860e-002	  1.9105123e-002	  2.0443572e-002	  2.0926012e-002	  1.7304011e-002	  1.5845297e-002	  2.0755032e-002	
  5.8826856e-002	  5.6139536e-002	  5.4827489e-002	  5.3611513e-002	  5.1773608e-002	  4.9865745e-002	  4.8754569e-002	  4.8949372e-002	  5.0316524e-002	  5.2658737e-002	  5.4999832e-002	  5.9136290e-002	  6.2730230e-002	  6.1957680e-002	  6.6705853e-002	
  4.7753125e-002	  4.5583870e-002	  4.4785030e-002	  4.4354048e-002	  4.3483511e-002	  4.2669624e-002	  4.2700298e-002	  4.4012930e-002	  4.6326011e-002	  4.9342114e-002	  5.2501593e-002	  5.9129450e-002	  6.1286744e-002	  5.9564028e-002	  6.2961362e-002	
  3.3715852e-002	  3.1980939e-002	  3.1669769e-002	  3.1957753e-002	  3.1942282e-002	  3.2082148e-002	  3.3036869e-002	  3.5154283e-002	  3.8075987e-002	  4.1366369e-002	  4.4792749e-002	  5.0887816e-002	  4.6588104e-002	  4.2007271e-002	  4.5052994e-002	
  2.9132161e-002	  2.7665805e-002	  2.7763629e-002	  2.8666174e-002	  2.9368322e-002	  3.0312127e-002	  3.2031424e-002	  3.4837618e-002	  3.8259719e-002	  4.1756850e-002	  4.5255445e-002	  5.0349470e-002	  4.1083597e-002	  3.3304874e-002	  3.5980806e-002	
 -6.7140241e-003	 -8.0008395e-003	 -7.5330930e-003	 -6.1510121e-003	 -4.8616612e-003	 -3.2376314e-003	 -8.7212492e-004	  2.3884154e-003	  5.9914906e-003	  9.5800254e-003	  1.3132605e-002	  1.6206022e-002	  4.8047993e-003	 -5.6903036e-003	 -2.1388433e-003	
 -1.8531270e-002	 -1.9825388e-002	 -1.9017339e-002	 -1.7219711e-002	 -1.5478081e-002	 -1.3302966e-002	 -1.0401035e-002	 -6.8013300e-003	 -3.1963631e-003	  1.7003711e-004	  3.2619084e-003	  4.2232717e-003	 -8.3072037e-003	 -1.9665329e-002	 -1.4024382e-002	
 -1.0531032e-002	 -1.1909656e-002	 -1.0881864e-002	 -8.8701993e-003	 -6.8774559e-003	 -4.3669790e-003	 -1.1906904e-003	  2.4033722e-003	  5.6388467e-003	  8.3949352e-003	  1.0596925e-002	  9.8195681e-003	 -1.5472254e-003	 -1.2262866e-002	 -4.2798826e-003	
 -1.7632999e-002	 -1.9133799e-002	 -1.8025707e-002	 -1.6028056e-002	 -1.4024326e-002	 -1.1437519e-002	 -8.3079897e-003	 -5.0812429e-003	 -2.5891352e-003	 -8.6001918e-004	  1.6357627e-004	 -1.6349307e-003	 -9.9618109e-003	 -1.8763062e-002	 -8.2787592e-003	
 -2.0832248e-002	 -2.2451382e-002	 -2.1403253e-002	 -1.9663502e-002	 -1.7877150e-002	 -1.5515376e-002	 -1.2850946e-002	 -1.0486810e-002	 -9.1651483e-003	 -8.8473922e-003	 -9.1950847e-003	 -1.0829617e-002	 -1.4082366e-002	 -2.0236893e-002	 -7.3322952e-003	
 -5.2928776e-002	 -5.4676741e-002	 -5.3842142e-002	 -5.2610863e-002	 -5.1303197e-002	 -4.9554247e-002	 -4.7923077e-002	 -4.7026463e-002	 -4.7308117e-002	 -4.8764583e-002	 -5.0298378e-002	 -4.9792711e-002	 -4.6391454e-002	 -4.9051303e-002	 -3.3479441e-002	
 -7.1647942e-002	 -7.3590413e-002	 -7.3212728e-002	 -7.2700098e-002	 -7.2185561e-002	 -7.1533754e-002	 -7.1483091e-002	 -7.2487786e-002	 -7.4670389e-002	 -7.7895731e-002	 -7.9939306e-002	 -7.4877560e-002	 -6.4164557e-002	 -6.3309208e-002	 -4.7030248e-002	
 -4.8748083e-002	 -5.1062945e-002	 -5.1254112e-002	 -5.1563986e-002	 -5.2079648e-002	 -5.2874073e-002	 -5.4752890e-002	 -5.7813115e-002	 -6.1749771e-002	 -6.6192411e-002	 -6.7502983e-002	 -5.6209505e-002	 -3.9386909e-002	 -3.5566837e-002	 -2.1850476e-002	
 -3.3124164e-002	 -3.5968535e-002	 -3.6810465e-002	 -3.7942380e-002	 -3.9676189e-002	 -4.2130254e-002	 -4.6015538e-002	 -5.0920822e-002	 -5.6209844e-002	 -6.1208837e-002	 -6.0447913e-002	 -4.1997287e-002	 -2.1771494e-002	 -1.6152877e-002	 -6.0479706e-003	
 -3.0998554e-002	 -3.4551259e-002	 -3.6055684e-002	 -3.7974175e-002	 -4.0919870e-002	 -4.4887781e-002	 -5.0415702e-002	 -5.6704052e-002	 -6.2862650e-002	 -6.7919880e-002	 -6.4508006e-002	 -4.0914960e-002	 -1.9634791e-002	 -1.0930457e-002	 -9.8964749e-003	
 -2.5833119e-002	 -3.0086972e-002	 -3.2167912e-002	 -3.4808934e-002	 -3.8868997e-002	 -4.4134691e-002	 -5.0924957e-002	 -5.8078691e-002	 -6.4581320e-002	 -6.9052637e-002	 -6.2137924e-002	 -3.6023032e-002	 -1.5506196e-002	 -7.0865862e-003	 -5.8482541e-003	
 -2.8791925e-002	 -3.3648219e-002	 -3.6224395e-002	 -3.9469898e-002	 -4.4457007e-002	 -5.0697364e-002	 -5.8241963e-002	 -6.5742165e-002	 -7.2195873e-002	 -7.5787887e-002	 -6.6114113e-002	 -3.8298108e-002	 -1.7101744e-002	 -6.9706431e-003	 -5.2740360e-003	
