  3.1700003e+001	  2.7180002e+001	  2.3240002e+001	  1.9950001e+001	  1.7040001e+001	  1.4580000e+001	  1.2350000e+001	  1.0460000e+001	  8.6800003e+000	  6.7527227e+000	  4.8254452e+000	  3.1249061e+000	  1.5377363e+000	  6.3935876e-002	 -1.4098645e+000	
  3.1700003e+001	  2.7180002e+001	  2.3240002e+001	  1.9950001e+001	  1.7040001e+001	  1.4580000e+001	  1.2350000e+001	  1.0460000e+001	  8.6800003e+000	  6.7093654e+000	  4.7387304e+000	  2.9999349e+000	  1.3770592e+000	 -1.2989676e-001	 -1.6368527e+000	
  3.1700003e+001	  2.7180002e+001	  2.3240002e+001	  1.9950001e+001	  1.7040001e+001	  1.4580000e+001	  1.2350000e+001	  1.0460000e+001	  8.6800003e+000	  6.6684961e+000	  4.6569920e+000	  2.8821354e+000	  1.2256026e+000	 -3.1260622e-001	 -1.8508151e+000	
  3.1700003e+001	  2.7180002e+001	  2.3240002e+001	  1.9950001e+001	  1.7040001e+001	  1.4580000e+001	  1.2350000e+001	  1.0460000e+001	  8.6800003e+000	  6.6442361e+000	  4.6084719e+000	  2.8122091e+000	  1.1356975e+000	 -4.2106330e-001	 -1.9778241e+000	
  3.1700003e+001	  2.7180002e+001	  2.3240002e+001	  1.9950001e+001	  1.7040001e+001	  1.4580000e+001	  1.2350000e+001	  1.0460000e+001	  8.6800003e+000	  6.6423244e+000	  4.6046486e+000	  2.8066990e+000	  1.1286129e+000	 -4.2961001e-001	 -1.9878329e+000	
  3.1700003e+001	  2.7180002e+001	  2.3240002e+001	  1.9950001e+001	  1.7040001e+001	  1.4580000e+001	  1.2350000e+001	  1.0460000e+001	  8.6800003e+000	  6.6396909e+000	  4.5993814e+000	  2.7991083e+000	  1.1188533e+000	 -4.4138324e-001	 -2.0016198e+000	
  3.1700003e+001	  2.7180002e+001	  2.3240002e+001	  1.9950001e+001	  1.7040001e+001	  1.4580000e+001	  1.2350000e+001	  1.0460000e+001	  8.6800003e+000	  6.6593823e+000	  4.6387644e+000	  2.8558660e+000	  1.1918277e+000	 -3.5335076e-001	 -1.8985292e+000	
  3.1700003e+001	  2.7180002e+001	  2.3240002e+001	  1.9950001e+001	  1.7040001e+001	  1.4580000e+001	  1.2350000e+001	  1.0460000e+001	  8.6800003e+000	  6.6872578e+000	  4.6945152e+000	  2.9362130e+000	  1.2951310e+000	 -2.2873080e-001	 -1.7525926e+000	
  3.1700003e+001	  2.7180002e+001	  2.3240002e+001	  1.9950001e+001	  1.7040001e+001	  1.4580000e+001	  1.2350000e+001	  1.0460000e+001	  8.6800003e+000	  6.7242489e+000	  4.7684975e+000	  3.0428348e+000	  1.4322162e+000	 -6.3358188e-002	 -1.5589325e+000	
  3.1700003e+001	  2.7180002e+001	  2.3240002e+001	  1.9950001e+001	  1.7040001e+001	  1.4580000e+001	  1.2350000e+001	  1.0460000e+001	  8.6800003e+000	  6.7765818e+000	  4.8731632e+000	  3.1936760e+000	  1.6261548e+000	  1.7059946e-001	 -1.2849559e+000	
  3.1700003e+001	  2.7180002e+001	  2.3240002e+001	  1.9950001e+001	  1.7040001e+001	  1.4580000e+001	  1.2350000e+001	  1.0460000e+001	  8.6800003e+000	  6.8322563e+000	  4.9845123e+000	  3.3541501e+000	  1.8324786e+000	  4.1949809e-001	 -9.9348247e-001	
  3.1700003e+001	  2.7180002e+001	  2.3240002e+001	  1.9950001e+001	  1.7040001e+001	  1.4580000e+001	  1.2350000e+001	  1.0460000e+001	  8.6800003e+000	  6.8884501e+000	  5.0969000e+000	  3.5161204e+000	  2.0407262e+000	  6.7071736e-001	 -6.9929147e-001	
  3.1700003e+001	  2.7180002e+001	  2.3240002e+001	  1.9950001e+001	  1.7040001e+001	  1.4580000e+001	  1.2350000e+001	  1.0460000e+001	  8.6800003e+000	  6.9458175e+000	  5.2116346e+000	  3.6814733e+000	  2.2533226e+000	  9.2718279e-001	 -3.9895701e-001	
  3.1700003e+001	  2.7180002e+001	  2.3240002e+001	  1.9950001e+001	  1.7040001e+001	  1.4580000e+001	  1.2350000e+001	  1.0460000e+001	  8.6800003e+000	  6.9879842e+000	  5.2959681e+000	  3.8030128e+000	  2.4095879e+000	  1.1156933e+000	 -1.7820120e-001	
  3.1700003e+001	  2.7180002e+001	  2.3240002e+001	  1.9950001e+001	  1.7040001e+001	  1.4580000e+001	  1.2350000e+001	  1.0460000e+001	  8.6800003e+000	  7.0255299e+000	  5.3710594e+000	  3.9112327e+000	  2.5487280e+000	  1.2835449e+000	  1.8361807e-002	
  3.1700003e+001	  2.7180002e+001	  2.3240002e+001	  1.9950001e+001	  1.7040001e+001	  1.4580000e+001	  1.2350000e+001	  1.0460000e+001	  8.6800003e+000	  7.0559349e+000	  5.4318695e+000	  3.9988706e+000	  2.6614051e+000	  1.4194728e+000	  1.7754054e-001	
  3.1700003e+001	  2.7180002e+001	  2.3240002e+001	  1.9950001e+001	  1.7040001e+001	  1.4580000e+001	  1.2350000e+001	  1.0460000e+001	  8.6800003e+000	  7.0654750e+000	  5.4509497e+000	  4.0263686e+000	  2.6967597e+000	  1.4621228e+000	  2.2748590e-001	
  3.1700003e+001	  2.7180002e+001	  2.3240002e+001	  1.9950001e+001	  1.7040001e+001	  1.4580000e+001	  1.2350000e+001	  1.0460000e+001	  8.6800003e+000	  7.0671072e+000	  5.4542141e+000	  4.0310726e+000	  2.7028074e+000	  1.4694184e+000	  2.3602939e-001	
  3.1700003e+001	  2.7180002e+001	  2.3240002e+001	  1.9950001e+001	  1.7040001e+001	  1.4580000e+001	  1.2350000e+001	  1.0460000e+001	  8.6800003e+000	  7.0567675e+000	  5.4335346e+000	  4.0012703e+000	  2.6644902e+000	  1.4231945e+000	  1.8189883e-001	
  3.1700003e+001	  2.7180002e+001	  2.3240002e+001	  1.9950001e+001	  1.7040001e+001	  1.4580000e+001	  1.2350000e+001	  1.0460000e+001	  8.6800003e+000	  7.0293527e+000	  5.3787050e+000	  3.9222512e+000	  2.5628943e+000	  1.3006345e+000	  3.8374662e-002	
  3.1700003e+001	  2.7180002e+001	  2.3240002e+001	  1.9950001e+001	  1.7040001e+001	  1.4580000e+001	  1.2350000e+001	  1.0460000e+001	  8.6800003e+000	  6.9880276e+000	  5.2960548e+000	  3.8031378e+000	  2.4097486e+000	  1.1158873e+000	 -1.7797399e-001	
  3.1700003e+001	  2.7180002e+001	  2.3240002e+001	  1.9950001e+001	  1.7040001e+001	  1.4580000e+001	  1.2350000e+001	  1.0460000e+001	  8.6800003e+000	  6.9452477e+000	  5.2104950e+000	  3.6798308e+000	  2.2512109e+000	  9.2463541e-001	 -4.0194011e-001	
  3.1700003e+001	  2.7180002e+001	  2.3240002e+001	  1.9950001e+001	  1.7040001e+001	  1.4580000e+001	  1.2350000e+001	  1.0460000e+001	  8.6800003e+000	  6.8922415e+000	  5.1044827e+000	  3.5270481e+000	  2.0547760e+000	  6.8766618e-001	 -6.7944360e-001	
  3.1700003e+001	  2.7180002e+001	  2.3240002e+001	  1.9950001e+001	  1.7040001e+001	  1.4580000e+001	  1.2350000e+001	  1.0460000e+001	  8.6800003e+000	  6.8306289e+000	  4.9812574e+000	  3.3494589e+000	  1.8264470e+000	  4.1222179e-001	 -1.0020034e+000	
  3.1700003e+001	  2.7180002e+001	  2.3240002e+001	  1.9950001e+001	  1.7040001e+001	  1.4580000e+001	  1.2350000e+001	  1.0460000e+001	  8.6800003e+000	  6.7744741e+000	  4.8689480e+000	  3.1876011e+000	  1.6183441e+000	  1.6117692e-001	 -1.2959902e+000	
  3.1700003e+001	  2.7180002e+001	  2.3240002e+001	  1.9950001e+001	  1.7040001e+001	  1.4580000e+001	  1.2350000e+001	  1.0460000e+001	  8.6800003e+000	  6.7231646e+000	  4.7663288e+000	  3.0397091e+000	  1.4281973e+000	 -6.8206429e-002	 -1.5646101e+000	
  3.1700003e+001	  2.7180002e+001	  2.3240002e+001	  1.9950001e+001	  1.7040001e+001	  1.4580000e+001	  1.2350000e+001	  1.0460000e+001	  8.6800003e+000	  6.6831360e+000	  4.6862717e+000	  2.9243324e+000	  1.2798557e+000	 -2.4715817e-001	 -1.7741721e+000	
  3.1700003e+001	  2.7180002e+001	  2.3240002e+001	  1.9950001e+001	  1.7040001e+001	  1.4580000e+001	  1.2350000e+001	  1.0460000e+001	  8.6800003e+000	  6.6519408e+000	  4.6238813e+000	  2.8344169e+000	  1.1642503e+000	 -3.8661873e-001	 -1.9374877e+000	
  3.1700003e+001	  2.7180002e+001	  2.3240002e+001	  1.9950001e+001	  1.7040001e+001	  1.4580000e+001	  1.2350000e+001	  1.0460000e+001	  8.6800003e+000	  6.6269646e+000	  4.5739288e+000	  2.7624266e+000	  1.0716913e+000	 -4.9827719e-001	 -2.0682456e+000	
  3.1700003e+001	  2.7180002e+001	  2.3240002e+001	  1.9950001e+001	  1.7040001e+001	  1.4580000e+001	  1.2350000e+001	  1.0460000e+001	  8.6800003e+000	  6.6241746e+000	  4.5683489e+000	  2.7543850e+000	  1.0613521e+000	 -5.1074982e-001	 -2.0828519e+000	
  3.1700003e+001	  2.7180002e+001	  2.3240002e+001	  1.9950001e+001	  1.7040001e+001	  1.4580000e+001	  1.2350000e+001	  1.0460000e+001	  8.6800003e+000	  6.6371469e+000	  4.5942936e+000	  2.7917757e+000	  1.1094257e+000	 -4.5275640e-001	 -2.0149384e+000	
  3.1700003e+001	  2.7180002e+001	  2.3240002e+001	  1.9950001e+001	  1.7040001e+001	  1.4580000e+001	  1.2350000e+001	  1.0460000e+001	  8.6800003e+000	  6.6523023e+000	  4.6246042e+000	  2.8354588e+000	  1.1655898e+000	 -3.8500273e-001	 -1.9355953e+000	
  3.1700003e+001	  2.7180002e+001	  2.3240002e+001	  1.9950001e+001	  1.7040001e+001	  1.4580000e+001	  1.2350000e+001	  1.0460000e+001	  8.6800003e+000	  6.6919236e+000	  4.7038469e+000	  2.9496617e+000	  1.3124222e+000	 -2.0787168e-001	 -1.7281655e+000	
  3.1700003e+001	  2.7180002e+001	  2.3240002e+001	  1.9950001e+001	  1.7040001e+001	  1.4580000e+001	  1.2350000e+001	  1.0460000e+001	  8.6800003e+000	  6.7381010e+000	  4.7962017e+000	  3.0827613e+000	  1.4835503e+000	 -1.4312267e-003	 -1.4864128e+000	
  3.1700003e+001	  2.7180002e+001	  2.3240002e+001	  1.9950001e+001	  1.7040001e+001	  1.4580000e+001	  1.2350000e+001	  1.0460000e+001	  8.6800003e+000	  6.7832103e+000	  4.8864202e+000	  3.2127819e+000	  1.6507194e+000	  2.0023286e-001	 -1.2502537e+000	
  3.1700003e+001	  2.7180002e+001	  2.3240002e+001	  1.9950001e+001	  1.7040001e+001	  1.4580000e+001	  1.2350000e+001	  1.0460000e+001	  8.6800003e+000	  6.8401413e+000	  5.0002823e+000	  3.3768768e+000	  1.8616986e+000	  4.5474744e-001	 -9.5220375e-001	
  3.1700003e+001	  2.7180002e+001	  2.3240002e+001	  1.9950001e+001	  1.7040001e+001	  1.4580000e+001	  1.2350000e+001	  1.0460000e+001	  8.6800003e+000	  6.8977838e+000	  5.1155672e+000	  3.5430231e+000	  2.0753152e+000	  7.1244371e-001	 -6.5042782e-001	
  3.1700003e+001	  2.7180002e+001	  2.3240002e+001	  1.9950001e+001	  1.7040001e+001	  1.4580000e+001	  1.2350000e+001	  1.0460000e+001	  8.6800003e+000	  6.9549441e+000	  5.2298880e+000	  3.7077796e+000	  2.2871451e+000	  9.6798468e-001	 -3.5117579e-001	
  3.1700003e+001	  2.7180002e+001	  2.3240002e+001	  1.9950001e+001	  1.7040001e+001	  1.4580000e+001	  1.2350000e+001	  1.0460000e+001	  8.6800003e+000	  6.9996805e+000	  5.3193607e+000	  3.8367255e+000	  2.4529326e+000	  1.1679822e+000	 -1.1696815e-001	
  3.1700003e+001	  2.7180002e+001	  2.3240002e+001	  1.9950001e+001	  1.7040001e+001	  1.4580000e+001	  1.2350000e+001	  1.0460000e+001	  8.6800003e+000	  7.0358548e+000	  5.3917093e+000	  3.9409928e+000	  2.5869908e+000	  1.3297032e+000	  7.2415590e-002	
  3.1700003e+001	  2.7180002e+001	  2.3240002e+001	  1.9950001e+001	  1.7040001e+001	  1.4580000e+001	  1.2350000e+001	  1.0460000e+001	  8.6800003e+000	  7.0593290e+000	  5.4386578e+000	  4.0086536e+000	  2.6739836e+000	  1.4346470e+000	  1.9531035e-001	
  3.1700003e+001	  2.7180002e+001	  2.3240002e+001	  1.9950001e+001	  1.7040001e+001	  1.4580000e+001	  1.2350000e+001	  1.0460000e+001	  8.6800003e+000	  7.0622196e+000	  5.4444389e+000	  4.0169854e+000	  2.6846957e+000	  1.4475696e+000	  2.1044350e-001	
  3.1700003e+001	  2.7180002e+001	  2.3240002e+001	  1.9950001e+001	  1.7040001e+001	  1.4580000e+001	  1.2350000e+001	  1.0460000e+001	  8.6800003e+000	  7.0570722e+000	  5.4341440e+000	  4.0021486e+000	  2.6656196e+000	  1.4245570e+000	  1.8349433e-001	
  3.1700003e+001	  2.7180002e+001	  2.3240002e+001	  1.9950001e+001	  1.7040001e+001	  1.4580000e+001	  1.2350000e+001	  1.0460000e+001	  8.6800003e+000	  7.0403757e+000	  5.4007511e+000	  3.9540236e+000	  2.6037445e+000	  1.3499141e+000	  9.6083641e-002	
  3.1700003e+001	  2.7180002e+001	  2.3240002e+001	  1.9950001e+001	  1.7040001e+001	  1.4580000e+001	  1.2350000e+001	  1.0460000e+001	  8.6800003e+000	  7.0051918e+000	  5.3303833e+000	  3.8526108e+000	  2.4733567e+000	  1.1926206e+000	 -8.8115454e-002	
  3.1700003e+001	  2.7180002e+001	  2.3240002e+001	  1.9950001e+001	  1.7040001e+001	  1.4580000e+001	  1.2350000e+001	  1.0460000e+001	  8.6800003e+000	  6.9585652e+000	  5.2371302e+000	  3.7182169e+000	  2.3005645e+000	  9.8417306e-001	 -3.3221841e-001	
  3.1700003e+001	  2.7180002e+001	  2.3240002e+001	  1.9950001e+001	  1.7040001e+001	  1.4580000e+001	  1.2350000e+001	  1.0460000e+001	  8.6800003e+000	  6.9168572e+000	  5.1537142e+000	  3.5979996e+000	  2.1459994e+000	  7.9771352e-001	 -5.5057240e-001	
  3.1700003e+001	  2.7180002e+001	  2.3240002e+001	  1.9950001e+001	  1.7040001e+001	  1.4580000e+001	  1.2350000e+001	  1.0460000e+001	  8.6800003e+000	  6.8623457e+000	  5.0446911e+000	  3.4408779e+000	  1.9439857e+000	  5.5401444e-001	 -8.3595681e-001	
  3.1700003e+001	  2.7180002e+001	  2.3240002e+001	  1.9950001e+001	  1.7040001e+001	  1.4580000e+001	  1.2350000e+001	  1.0460000e+001	  8.6800003e+000	  6.8078156e+000	  4.9356308e+000	  3.2837033e+000	  1.7419044e+000	  3.1023395e-001	 -1.1214365e+000	
  3.1700003e+001	  2.7180002e+001	  2.3240002e+001	  1.9950001e+001	  1.7040001e+001	  1.4580000e+001	  1.2350000e+001	  1.0460000e+001	  8.6800003e+000	  6.7546349e+000	  4.8292694e+000	  3.1304178e+000	  1.5448229e+000	  7.2484851e-002	 -1.3998532e+000	
  3.1700003e+001	  2.7180002e+001	  2.3240002e+001	  1.9950001e+001	  1.7040001e+001	  1.4580000e+001	  1.2350000e+001	  1.0460000e+001	  8.6800003e+000	  6.6976109e+000	  4.7152214e+000	  2.9660544e+000	  1.3334986e+000	 -1.8244600e-001	 -1.6983906e+000	
  3.1700003e+001	  2.7180002e+001	  2.3240002e+001	  1.9950001e+001	  1.7040001e+001	  1.4580000e+001	  1.2350000e+001	  1.0460000e+001	  8.6800003e+000	  6.6651840e+000	  4.6503677e+000	  2.8725884e+000	  1.2133278e+000	 -3.2741427e-001	 -1.8681563e+000	
  3.1700003e+001	  2.7180002e+001	  2.3240002e+001	  1.9950001e+001	  1.7040001e+001	  1.4580000e+001	  1.2350000e+001	  1.0460000e+001	  8.6800003e+000	  6.6445642e+000	  4.6091280e+000	  2.8131547e+000	  1.1369132e+000	 -4.1959679e-001	 -1.9761068e+000	
  3.1700003e+001	  2.7180002e+001	  2.3240002e+001	  1.9950001e+001	  1.7040001e+001	  1.4580000e+001	  1.2350000e+001	  1.0460000e+001	  8.6800003e+000	  6.6261859e+000	  4.5723715e+000	  2.7601821e+000	  1.0688055e+000	 -5.0175846e-001	 -2.0723224e+000	
  3.1700003e+001	  2.7180002e+001	  2.3240002e+001	  1.9950001e+001	  1.7040001e+001	  1.4580000e+001	  1.2350000e+001	  1.0460000e+001	  8.6800003e+000	  6.6286139e+000	  4.5772276e+000	  2.7671809e+000	  1.0778040e+000	 -4.9090314e-001	 -2.0596104e+000	
  3.1700003e+001	  2.7180002e+001	  2.3240002e+001	  1.9950001e+001	  1.7040001e+001	  1.4580000e+001	  1.2350000e+001	  1.0460000e+001	  8.6800003e+000	  6.6466608e+000	  4.6133213e+000	  2.8191981e+000	  1.1446831e+000	 -4.1022360e-001	 -1.9651303e+000	
  3.1700003e+001	  2.7180002e+001	  2.3240002e+001	  1.9950001e+001	  1.7040001e+001	  1.4580000e+001	  1.2350000e+001	  1.0460000e+001	  8.6800003e+000	  6.6728573e+000	  4.6657143e+000	  2.8947058e+000	  1.2417645e+000	 -2.9310930e-001	 -1.8279831e+000	
  3.1700003e+001	  2.7180002e+001	  2.3240002e+001	  1.9950001e+001	  1.7040001e+001	  1.4580000e+001	  1.2350000e+001	  1.0460000e+001	  8.6800003e+000	  6.7221451e+000	  4.7642899e+000	  3.0367708e+000	  1.4244196e+000	 -7.2763562e-002	 -1.5699468e+000	
  3.1700003e+001	  2.7180002e+001	  2.3240002e+001	  1.9950001e+001	  1.7040001e+001	  1.4580000e+001	  1.2350000e+001	  1.0460000e+001	  8.6800003e+000	  6.7694473e+000	  4.8588943e+000	  3.1731124e+000	  1.5997159e+000	  1.3870502e-001	 -1.3223059e+000	
  3.1700003e+001	  2.7180002e+001	  2.3240002e+001	  1.9950001e+001	  1.7040001e+001	  1.4580000e+001	  1.2350000e+001	  1.0460000e+001	  8.6800003e+000	  6.8247890e+000	  4.9695778e+000	  3.3326263e+000	  1.8048052e+000	  3.8611412e-001	 -1.0325769e+000	
  3.1700003e+001	  2.7180002e+001	  2.3240002e+001	  1.9950001e+001	  1.7040001e+001	  1.4580000e+001	  1.2350000e+001	  1.0460000e+001	  8.6800003e+000	  6.8793526e+000	  5.0787048e+000	  3.4898982e+000	  2.0070119e+000	  6.3004625e-001	 -7.4691939e-001	
  3.1700003e+001	  2.7180002e+001	  2.3240002e+001	  1.9950001e+001	  1.7040001e+001	  1.4580000e+001	  1.2350000e+001	  1.0460000e+001	  8.6800003e+000	  6.9371004e+000	  5.1942005e+000	  3.6563473e+000	  2.2210178e+000	  8.8821197e-001	 -4.4459391e-001	
  3.1700003e+001	  2.7180002e+001	  2.3240002e+001	  1.9950001e+001	  1.7040001e+001	  1.4580000e+001	  1.2350000e+001	  1.0460000e+001	  8.6800003e+000	  6.9884138e+000	  5.2968273e+000	  3.8042512e+000	  2.4111800e+000	  1.1176142e+000	 -1.7595172e-001	
  3.1700003e+001	  2.7180002e+001	  2.3240002e+001	  1.9950001e+001	  1.7040001e+001	  1.4580000e+001	  1.2350000e+001	  1.0460000e+001	  8.6800003e+000	  7.0282946e+000	  5.3765888e+000	  3.9192011e+000	  2.5589728e+000	  1.2959036e+000	  3.2834291e-002	
  3.1700003e+001	  2.7180002e+001	  2.3240002e+001	  1.9950001e+001	  1.7040001e+001	  1.4580000e+001	  1.2350000e+001	  1.0460000e+001	  8.6800003e+000	  7.0536289e+000	  5.4272575e+000	  3.9922242e+000	  2.6528597e+000	  1.4091642e+000	  1.6546869e-001	
  3.1700003e+001	  2.7180002e+001	  2.3240002e+001	  1.9950001e+001	  1.7040001e+001	  1.4580000e+001	  1.2350000e+001	  1.0460000e+001	  8.6800003e+000	  7.0776057e+000	  5.4752111e+000	  4.0613337e+000	  2.7417147e+000	  1.5163543e+000	  2.9099393e-001	
  3.1700003e+001	  2.7180002e+001	  2.3240002e+001	  1.9950001e+001	  1.7040001e+001	  1.4580000e+001	  1.2350000e+001	  1.0460000e+001	  8.6800003e+000	  7.0837216e+000	  5.4874430e+000	  4.0789618e+000	  2.7643795e+000	  1.5436958e+000	  3.2301211e-001	
  3.1700003e+001	  2.7180002e+001	  2.3240002e+001	  1.9950001e+001	  1.7040001e+001	  1.4580000e+001	  1.2350000e+001	  1.0460000e+001	  8.6800003e+000	  7.0560346e+000	  5.4320688e+000	  3.9991579e+000	  2.6617742e+000	  1.4199179e+000	  1.7806172e-001	
  3.1700003e+001	  2.7180002e+001	  2.3240002e+001	  1.9950001e+001	  1.7040001e+001	  1.4580000e+001	  1.2350000e+001	  1.0460000e+001	  8.6800003e+000	  7.0321889e+000	  5.3843775e+000	  3.9304261e+000	  2.5734048e+000	  1.3133137e+000	  5.3222656e-002	
  3.1700003e+001	  2.7180002e+001	  2.3240002e+001	  1.9950001e+001	  1.7040001e+001	  1.4580000e+001	  1.2350000e+001	  1.0460000e+001	  8.6800003e+000	  6.9917240e+000	  5.3034477e+000	  3.8137922e+000	  2.4234471e+000	  1.1324126e+000	 -1.5862203e-001	
  3.1700003e+001	  2.7180002e+001	  2.3240002e+001	  1.9950001e+001	  1.7040001e+001	  1.4580000e+001	  1.2350000e+001	  1.0460000e+001	  8.6800003e+000	  6.9424124e+000	  5.2048244e+000	  3.6716590e+000	  2.2407045e+000	  9.1196108e-001	 -4.1678238e-001	
  3.1700003e+001	  2.7180002e+001	  2.3240002e+001	  1.9950001e+001	  1.7040001e+001	  1.4580000e+001	  1.2350000e+001	  1.0460000e+001	  8.6800003e+000	  6.8931494e+000	  5.1062984e+000	  3.5296655e+000	  2.0581412e+000	  6.9172609e-001	 -6.7468905e-001	
  3.1700003e+001	  2.7180002e+001	  2.3240002e+001	  1.9950001e+001	  1.7040001e+001	  1.4580000e+001	  1.2350000e+001	  1.0460000e+001	  8.6800003e+000	  6.8281937e+000	  4.9763870e+000	  3.3424397e+000	  1.8174223e+000	  4.0133476e-001	 -1.0147527e+000	
  3.1700003e+001	  2.7180002e+001	  2.3240002e+001	  1.9950001e+001	  1.7040001e+001	  1.4580000e+001	  1.2350000e+001	  1.0460000e+001	  8.6800003e+000	  6.7718716e+000	  4.8637428e+000	  3.1800995e+000	  1.6086992e+000	  1.4954185e-001	 -1.3096155e+000	
  3.1700003e+001	  2.7180002e+001	  2.3240002e+001	  1.9950001e+001	  1.7040001e+001	  1.4580000e+001	  1.2350000e+001	  1.0460000e+001	  8.6800003e+000	  6.7256517e+000	  4.7713032e+000	  3.0468779e+000	  1.4374144e+000	 -5.7087302e-002	 -1.5515890e+000	
  3.1700003e+001	  2.7180002e+001	  2.3240002e+001	  1.9950001e+001	  1.7040001e+001	  1.4580000e+001	  1.2350000e+001	  1.0460000e+001	  8.6800003e+000	  6.6755104e+000	  4.6710205e+000	  2.9023528e+000	  1.2515963e+000	 -2.8124893e-001	 -1.8140942e+000	
  3.1700003e+001	  2.7180002e+001	  2.3240002e+001	  1.9950001e+001	  1.7040001e+001	  1.4580000e+001	  1.2350000e+001	  1.0460000e+001	  8.6800003e+000	  6.6351223e+000	  4.5902443e+000	  2.7859397e+000	  1.1019223e+000	 -4.6180820e-001	 -2.0255387e+000	
  3.1700003e+001	  2.7180002e+001	  2.3240002e+001	  1.9950001e+001	  1.7040001e+001	  1.4580000e+001	  1.2350000e+001	  1.0460000e+001	  8.6800003e+000	  6.6194444e+000	  4.5588884e+000	  2.7407508e+000	  1.0438224e+000	 -5.3189683e-001	 -2.1076159e+000	
  3.1700003e+001	  2.7180002e+001	  2.3240002e+001	  1.9950001e+001	  1.7040001e+001	  1.4580000e+001	  1.2350000e+001	  1.0460000e+001	  8.6800003e+000	  6.6148949e+000	  4.5497894e+000	  2.7276373e+000	  1.0269620e+000	 -5.5223632e-001	 -2.1314347e+000	
  3.1700003e+001	  2.7180002e+001	  2.3240002e+001	  1.9950001e+001	  1.7040001e+001	  1.4580000e+001	  1.2350000e+001	  1.0460000e+001	  8.6800003e+000	  6.6201811e+000	  4.5603619e+000	  2.7428741e+000	  1.0465524e+000	 -5.2860343e-001	 -2.1037593e+000	
  3.1700003e+001	  2.7180002e+001	  2.3240002e+001	  1.9950001e+001	  1.7040001e+001	  1.4580000e+001	  1.2350000e+001	  1.0460000e+001	  8.6800003e+000	  6.6431780e+000	  4.6063557e+000	  2.8091593e+000	  1.1317762e+000	 -4.2579377e-001	 -1.9833637e+000	
  3.1700003e+001	  2.7180002e+001	  2.3240002e+001	  1.9950001e+001	  1.7040001e+001	  1.4580000e+001	  1.2350000e+001	  1.0460000e+001	  8.6800003e+000	  6.6711922e+000	  4.6623840e+000	  2.8899062e+000	  1.2355936e+000	 -3.0055380e-001	 -1.8367012e+000	
  3.1700003e+001	  2.7180002e+001	  2.3240002e+001	  1.9950001e+001	  1.7040001e+001	  1.4580000e+001	  1.2350000e+001	  1.0460000e+001	  8.6800003e+000	  6.7260456e+000	  4.7720909e+000	  3.0480130e+000	  1.4388736e+000	 -5.5327177e-002	 -1.5495280e+000	
  3.1700003e+001	  2.7180002e+001	  2.3240002e+001	  1.9950001e+001	  1.7040001e+001	  1.4580000e+001	  1.2350000e+001	  1.0460000e+001	  8.6800003e+000	  6.7820582e+000	  4.8841162e+000	  3.2094612e+000	  1.6464500e+000	  1.9508255e-001	 -1.2562850e+000	
  3.1700003e+001	  2.7180002e+001	  2.3240002e+001	  1.9950001e+001	  1.7040001e+001	  1.4580000e+001	  1.2350000e+001	  1.0460000e+001	  8.6800003e+000	  6.8381634e+000	  4.9963264e+000	  3.3711762e+000	  1.8543693e+000	  4.4590569e-001	 -9.6255791e-001	
  3.1700003e+001	  2.7180002e+001	  2.3240002e+001	  1.9950001e+001	  1.7040001e+001	  1.4580000e+001	  1.2350000e+001	  1.0460000e+001	  8.6800003e+000	  6.8945017e+000	  5.1090031e+000	  3.5335631e+000	  2.0631526e+000	  6.9777143e-001	 -6.6760969e-001	
  3.1700003e+001	  2.7180002e+001	  2.3240002e+001	  1.9950001e+001	  1.7040001e+001	  1.4580000e+001	  1.2350000e+001	  1.0460000e+001	  8.6800003e+000	  6.9519205e+000	  5.2238407e+000	  3.6990643e+000	  2.2759397e+000	  9.5446694e-001	 -3.6700583e-001	
  3.1700003e+001	  2.7180002e+001	  2.3240002e+001	  1.9950001e+001	  1.7040001e+001	  1.4580000e+001	  1.2350000e+001	  1.0460000e+001	  8.6800003e+000	  6.9953666e+000	  5.3107328e+000	  3.8242912e+000	  2.4369457e+000	  1.1486963e+000	 -1.3955307e-001	
  3.1700003e+001	  2.7180002e+001	  2.3240002e+001	  1.9950001e+001	  1.7040001e+001	  1.4580000e+001	  1.2350000e+001	  1.0460000e+001	  8.6800003e+000	  7.0333095e+000	  5.3866186e+000	  3.9336562e+000	  2.5775580e+000	  1.3183240e+000	  5.9089899e-002	
  3.1700003e+001	  2.7180002e+001	  2.3240002e+001	  1.9950001e+001	  1.7040001e+001	  1.4580000e+001	  1.2350000e+001	  1.0460000e+001	  8.6800003e+000	  7.0601873e+000	  5.4403744e+000	  4.0111275e+000	  2.6771638e+000	  1.4384834e+000	  1.9980288e-001	
  3.1700003e+001	  2.7180002e+001	  2.3240002e+001	  1.9950001e+001	  1.7040001e+001	  1.4580000e+001	  1.2350000e+001	  1.0460000e+001	  8.6800003e+000	  7.0684958e+000	  5.4569912e+000	  4.0350752e+000	  2.7079539e+000	  1.4756269e+000	  2.4329996e-001	
  3.1700003e+001	  2.7180002e+001	  2.3240002e+001	  1.9950001e+001	  1.7040001e+001	  1.4580000e+001	  1.2350000e+001	  1.0460000e+001	  8.6800003e+000	  7.0689402e+000	  5.4578800e+000	  4.0363564e+000	  2.7096012e+000	  1.4776142e+000	  2.4562716e-001	
  3.1700003e+001	  2.7180002e+001	  2.3240002e+001	  1.9950001e+001	  1.7040001e+001	  1.4580000e+001	  1.2350000e+001	  1.0460000e+001	  8.6800003e+000	  7.0482650e+000	  5.4165297e+000	  3.9767630e+000	  2.6329808e+000	  1.3851831e+000	  1.3738537e-001	
  3.1700003e+001	  2.7180002e+001	  2.3240002e+001	  1.9950001e+001	  1.7040001e+001	  1.4580000e+001	  1.2350000e+001	  1.0460000e+001	  8.6800003e+000	  7.0189028e+000	  5.3578053e+000	  3.8921309e+000	  2.5241680e+000	  1.2539169e+000	 -1.6334295e-002	
  3.1700003e+001	  2.7180002e+001	  2.3240002e+001	  1.9950001e+001	  1.7040001e+001	  1.4580000e+001	  1.2350000e+001	  1.0460000e+001	  8.6800003e+000	  6.9691410e+000	  5.2582817e+000	  3.7486997e+000	  2.3397565e+000	  1.0314523e+000	 -2.7685189e-001	
  3.1700003e+001	  2.7180002e+001	  2.3240002e+001	  1.9950001e+001	  1.7040001e+001	  1.4580000e+001	  1.2350000e+001	  1.0460000e+001	  8.6800003e+000	  6.9215102e+000	  5.1630201e+000	  3.6114111e+000	  2.1632428e+000	  8.1851506e-001	 -5.2621269e-001	
  3.1700003e+001	  2.7180002e+001	  2.3240002e+001	  1.9950001e+001	  1.7040001e+001	  1.4580000e+001	  1.2350000e+001	  1.0460000e+001	  8.6800003e+000	  6.8643031e+000	  5.0486059e+000	  3.4465201e+000	  1.9512401e+000	  5.6276584e-001	 -8.2570839e-001	
  3.1700003e+001	  2.7180002e+001	  2.3240002e+001	  1.9950001e+001	  1.7040001e+001	  1.4580000e+001	  1.2350000e+001	  1.0460000e+001	  8.6800003e+000	  6.8039012e+000	  4.9278021e+000	  3.2724204e+000	  1.7273977e+000	  2.9273379e-001	 -1.1419301e+000	
  3.1700003e+001	  2.7180002e+001	  2.3240002e+001	  1.9950001e+001	  1.7040001e+001	  1.4580000e+001	  1.2350000e+001	  1.0460000e+001	  8.6800003e+000	  6.7571349e+000	  4.8342695e+000	  3.1376233e+000	  1.5540870e+000	  8.3660603e-002	 -1.3867658e+000	
  3.1700003e+001	  2.7180002e+001	  2.3240002e+001	  1.9950001e+001	  1.7040001e+001	  1.4580000e+001	  1.2350000e+001	  1.0460000e+001	  8.6800003e+000	  6.7085915e+000	  4.7371826e+000	  2.9977040e+000	  1.3741908e+000	 -1.3335717e-001	 -1.6409051e+000	
  3.1700003e+001	  2.7180002e+001	  2.3240002e+001	  1.9950001e+001	  1.7040001e+001	  1.4580000e+001	  1.2350000e+001	  1.0460000e+001	  8.6800003e+000	  6.6699128e+000	  4.6598253e+000	  2.8862188e+000	  1.2308527e+000	 -3.0627286e-001	 -1.8433985e+000	
  3.1700003e+001	  2.7180002e+001	  2.3240002e+001	  1.9950001e+001	  1.7040001e+001	  1.4580000e+001	  1.2350000e+001	  1.0460000e+001	  8.6800003e+000	  6.6368008e+000	  4.5936012e+000	  2.7907782e+000	  1.1081433e+000	 -4.5430315e-001	 -2.0167496e+000	
  3.1700003e+001	  2.7180002e+001	  2.3240002e+001	  1.9950001e+001	  1.7040001e+001	  1.4580000e+001	  1.2350000e+001	  1.0460000e+001	  8.6800003e+000	  6.6177177e+000	  4.5554352e+000	  2.7357740e+000	  1.0374238e+000	 -5.3961563e-001	 -2.1166551e+000	
  3.1700003e+001	  2.7180002e+001	  2.3240002e+001	  1.9950001e+001	  1.7040001e+001	  1.4580000e+001	  1.2350000e+001	  1.0460000e+001	  8.6800003e+000	  6.6326294e+000	  4.5852585e+000	  2.7787547e+000	  1.0926846e+000	 -4.7295189e-001	 -2.0385885e+000	
  3.1700003e+001	  2.7180002e+001	  2.3240002e+001	  1.9950001e+001	  1.7040001e+001	  1.4580000e+001	  1.2350000e+001	  1.0460000e+001	  8.6800003e+000	  6.6432996e+000	  4.6065989e+000	  2.8095100e+000	  1.1322272e+000	 -4.2524970e-001	 -1.9827266e+000	
  3.1700003e+001	  2.7180002e+001	  2.3240002e+001	  1.9950001e+001	  1.7040001e+001	  1.4580000e+001	  1.2350000e+001	  1.0460000e+001	  8.6800003e+000	  6.6699476e+000	  4.6598949e+000	  2.8863187e+000	  1.2309809e+000	 -3.0611837e-001	 -1.8432176e+000	
  3.1700003e+001	  2.7180002e+001	  2.3240002e+001	  1.9950001e+001	  1.7040001e+001	  1.4580000e+001	  1.2350000e+001	  1.0460000e+001	  8.6800003e+000	  6.7123032e+000	  4.7446060e+000	  3.0084028e+000	  1.3879465e+000	 -1.1676288e-001	 -1.6214722e+000	
  3.1700003e+001	  2.7180002e+001	  2.3240002e+001	  1.9950001e+001	  1.7040001e+001	  1.4580000e+001	  1.2350000e+001	  1.0460000e+001	  8.6800003e+000	  6.7593999e+000	  4.8387995e+000	  3.1441522e+000	  1.5624813e+000	  9.3786955e-002	 -1.3749074e+000	
  3.1700003e+001	  2.7180002e+001	  2.3240002e+001	  1.9950001e+001	  1.7040001e+001	  1.4580000e+001	  1.2350000e+001	  1.0460000e+001	  8.6800003e+000	  6.8128285e+000	  4.9456568e+000	  3.2981520e+000	  1.7604810e+000	  3.3264375e-001	 -1.0951935e+000	
  3.1700003e+001	  2.7180002e+001	  2.3240002e+001	  1.9950001e+001	  1.7040001e+001	  1.4580000e+001	  1.2350000e+001	  1.0460000e+001	  8.6800003e+000	  6.8785067e+000	  5.0770130e+000	  3.4874597e+000	  2.0038764e+000	  6.2626350e-001	 -7.5134945e-001	
  3.1700003e+001	  2.7180002e+001	  2.3240002e+001	  1.9950001e+001	  1.7040001e+001	  1.4580000e+001	  1.2350000e+001	  1.0460000e+001	  8.6800003e+000	  6.9361086e+000	  5.1922169e+000	  3.6534891e+000	  2.2173433e+000	  8.8377929e-001	 -4.4978476e-001	
  3.1700003e+001	  2.7180002e+001	  2.3240002e+001	  1.9950001e+001	  1.7040001e+001	  1.4580000e+001	  1.2350000e+001	  1.0460000e+001	  8.6800003e+000	  6.9848437e+000	  5.2896872e+000	  3.7939606e+000	  2.3979492e+000	  1.1016530e+000	 -1.9464326e-001	
  3.1700003e+001	  2.7180002e+001	  2.3240002e+001	  1.9950001e+001	  1.7040001e+001	  1.4580000e+001	  1.2350000e+001	  1.0460000e+001	  8.6800003e+000	  7.0298662e+000	  5.3797321e+000	  3.9237313e+000	  2.5647972e+000	  1.3029298e+000	  4.1062355e-002	
  3.1700003e+001	  2.7180002e+001	  2.3240002e+001	  1.9950001e+001	  1.7040001e+001	  1.4580000e+001	  1.2350000e+001	  1.0460000e+001	  8.6800003e+000	  7.0537057e+000	  5.4274111e+000	  3.9924450e+000	  2.6531434e+000	  1.4095063e+000	  1.6586924e-001	
  3.1700003e+001	  2.7180002e+001	  2.3240002e+001	  1.9950001e+001	  1.7040001e+001	  1.4580000e+001	  1.2350000e+001	  1.0460000e+001	  8.6800003e+000	  7.0711031e+000	  5.4622059e+000	  4.0425901e+000	  2.7176156e+000	  1.4872823e+000	  2.5694895e-001	
  3.1700003e+001	  2.7180002e+001	  2.3240002e+001	  1.9950001e+001	  1.7040001e+001	  1.4580000e+001	  1.2350000e+001	  1.0460000e+001	  8.6800003e+000	  7.0736647e+000	  5.4673290e+000	  4.0499740e+000	  2.7271092e+000	  1.4987348e+000	  2.7036047e-001	
  3.1700003e+001	  2.7180002e+001	  2.3240002e+001	  1.9950001e+001	  1.7040001e+001	  1.4580000e+001	  1.2350000e+001	  1.0460000e+001	  8.6800003e+000	  7.0550756e+000	  5.4301510e+000	  3.9963942e+000	  2.6582212e+000	  1.4156320e+000	  1.7304277e-001	
  3.1700003e+001	  2.7180002e+001	  2.3240002e+001	  1.9950001e+001	  1.7040001e+001	  1.4580000e+001	  1.2350000e+001	  1.0460000e+001	  8.6800003e+000	  7.0336528e+000	  5.3873053e+000	  3.9346457e+000	  2.5788300e+000	  1.3198583e+000	  6.0886621e-002	
  3.1700003e+001	  2.7180002e+001	  2.3240002e+001	  1.9950001e+001	  1.7040001e+001	  1.4580000e+001	  1.2350000e+001	  1.0460000e+001	  8.6800003e+000	  6.9994364e+000	  5.3188725e+000	  3.8360217e+000	  2.4520278e+000	  1.1668905e+000	 -1.1824679e-001	
  3.1700003e+001	  2.7180002e+001	  2.3240002e+001	  1.9950001e+001	  1.7040001e+001	  1.4580000e+001	  1.2350000e+001	  1.0460000e+001	  8.6800003e+000	  6.9457607e+000	  5.2115211e+000	  3.6813097e+000	  2.2531123e+000	  9.2692900e-001	 -3.9925432e-001	
  3.1700003e+001	  2.7180002e+001	  2.3240002e+001	  1.9950001e+001	  1.7040001e+001	  1.4580000e+001	  1.2350000e+001	  1.0460000e+001	  8.6800003e+000	  6.8914490e+000	  5.1028976e+000	  3.5247643e+000	  2.0518398e+000	  6.8412435e-001	 -6.8359113e-001	
  3.1700003e+001	  2.7180002e+001	  2.3240002e+001	  1.9950001e+001	  1.7040001e+001	  1.4580000e+001	  1.2350000e+001	  1.0460000e+001	  8.6800003e+000	  6.8291302e+000	  4.9782600e+000	  3.3451393e+000	  1.8208933e+000	  4.0552211e-001	 -1.0098491e+000	
  3.1700003e+001	  2.7180002e+001	  2.3240002e+001	  1.9950001e+001	  1.7040001e+001	  1.4580000e+001	  1.2350000e+001	  1.0460000e+001	  8.6800003e+000	  6.7680664e+000	  4.8561325e+000	  3.1691322e+000	  1.5945987e+000	  1.3253176e-001	 -1.3295351e+000	
  3.1700003e+001	  2.7180002e+001	  2.3240002e+001	  1.9950001e+001	  1.7040001e+001	  1.4580000e+001	  1.2350000e+001	  1.0460000e+001	  8.6800003e+000	  6.7157412e+000	  4.7514820e+000	  3.0183125e+000	  1.4006875e+000	 -1.0139287e-001	 -1.6034732e+000	
  3.1700003e+001	  2.7180002e+001	  2.3240002e+001	  1.9950001e+001	  1.7040001e+001	  1.4580000e+001	  1.2350000e+001	  1.0460000e+001	  8.6800003e+000	  6.6719098e+000	  4.6638193e+000	  2.8919747e+000	  1.2382531e+000	 -2.9734540e-001	 -1.8329439e+000	
  3.1700003e+001	  2.7180002e+001	  2.3240002e+001	  1.9950001e+001	  1.7040001e+001	  1.4580000e+001	  1.2350000e+001	  1.0460000e+001	  8.6800003e+000	  6.6400509e+000	  4.6001015e+000	  2.8001463e+000	  1.1201882e+000	 -4.3977273e-001	 -1.9997337e+000	
  3.1700003e+001	  2.7180002e+001	  2.3240002e+001	  1.9950001e+001	  1.7040001e+001	  1.4580000e+001	  1.2350000e+001	  1.0460000e+001	  8.6800003e+000	  6.6132889e+000	  4.5465775e+000	  2.7230086e+000	  1.0210111e+000	 -5.5941510e-001	 -2.1398413e+000	
  3.1700003e+001	  2.7180002e+001	  2.3240002e+001	  1.9950001e+001	  1.7040001e+001	  1.4580000e+001	  1.2350000e+001	  1.0460000e+001	  8.6800003e+000	  6.6031017e+000	  4.5262032e+000	  2.6936455e+000	  9.8325837e-001	 -6.0495818e-001	 -2.1931748e+000	
  3.1700003e+001	  2.7180002e+001	  2.3240002e+001	  1.9950001e+001	  1.7040001e+001	  1.4580000e+001	  1.2350000e+001	  1.0460000e+001	  8.6800003e+000	  6.6151586e+000	  4.5503168e+000	  2.7283976e+000	  1.0279397e+000	 -5.5105686e-001	 -2.1300535e+000	
  3.1700003e+001	  2.7180002e+001	  2.3240002e+001	  1.9950001e+001	  1.7040001e+001	  1.4580000e+001	  1.2350000e+001	  1.0460000e+001	  8.6800003e+000	  6.6392918e+000	  4.5985832e+000	  2.7979579e+000	  1.1173742e+000	 -4.4316781e-001	 -2.0037098e+000	
  3.1700003e+001	  2.7180002e+001	  2.3240002e+001	  1.9950001e+001	  1.7040001e+001	  1.4580000e+001	  1.2350000e+001	  1.0460000e+001	  8.6800003e+000	  6.6752119e+000	  4.6704235e+000	  2.9014926e+000	  1.2504903e+000	 -2.8258312e-001	 -1.8156565e+000	
  3.1700003e+001	  2.7180002e+001	  2.3240002e+001	  1.9950001e+001	  1.7040001e+001	  1.4580000e+001	  1.2350000e+001	  1.0460000e+001	  8.6800003e+000	  6.7170219e+000	  4.7540436e+000	  3.0220041e+000	  1.4054339e+000	 -9.5667005e-002	 -1.5967679e+000	
  3.1700003e+001	  2.7180002e+001	  2.3240002e+001	  1.9950001e+001	  1.7040001e+001	  1.4580000e+001	  1.2350000e+001	  1.0460000e+001	  8.6800003e+000	  6.7687087e+000	  4.8574171e+000	  3.1709833e+000	  1.5969785e+000	  1.3540268e-001	 -1.3261732e+000	
  3.1700003e+001	  2.7180002e+001	  2.3240002e+001	  1.9950001e+001	  1.7040001e+001	  1.4580000e+001	  1.2350000e+001	  1.0460000e+001	  8.6800003e+000	  6.8290901e+000	  4.9781799e+000	  3.3450236e+000	  1.8207445e+000	  4.0534258e-001	 -1.0100594e+000	
  3.1700003e+001	  2.7180002e+001	  2.3240002e+001	  1.9950001e+001	  1.7040001e+001	  1.4580000e+001	  1.2350000e+001	  1.0460000e+001	  8.6800003e+000	  6.8878937e+000	  5.0957870e+000	  3.5145166e+000	  2.0386643e+000	  6.6823006e-001	 -7.0220423e-001	
  3.1700003e+001	  2.7180002e+001	  2.3240002e+001	  1.9950001e+001	  1.7040001e+001	  1.4580000e+001	  1.2350000e+001	  1.0460000e+001	  8.6800003e+000	  6.9500608e+000	  5.2201214e+000	  3.6937044e+000	  2.2690487e+000	  9.4615400e-001	 -3.7674069e-001	
  3.1700003e+001	  2.7180002e+001	  2.3240002e+001	  1.9950001e+001	  1.7040001e+001	  1.4580000e+001	  1.2350000e+001	  1.0460000e+001	  8.6800003e+000	  6.9979506e+000	  5.3159008e+000	  3.8317392e+000	  2.4465218e+000	  1.1602485e+000	 -1.2602472e-001	
  3.1700003e+001	  2.7180002e+001	  2.3240002e+001	  1.9950001e+001	  1.7040001e+001	  1.4580000e+001	  1.2350000e+001	  1.0460000e+001	  8.6800003e+000	  7.0371904e+000	  5.3943806e+000	  3.9448423e+000	  2.5919399e+000	  1.3356736e+000	  7.9407215e-002	
  3.1700003e+001	  2.7180002e+001	  2.3240002e+001	  1.9950001e+001	  1.7040001e+001	  1.4580000e+001	  1.2350000e+001	  1.0460000e+001	  8.6800003e+000	  7.0593977e+000	  5.4387951e+000	  4.0088515e+000	  2.6742375e+000	  1.4349531e+000	  1.9566870e-001	
  3.1700003e+001	  2.7180002e+001	  2.3240002e+001	  1.9950001e+001	  1.7040001e+001	  1.4580000e+001	  1.2350000e+001	  1.0460000e+001	  8.6800003e+000	  7.0679746e+000	  5.4559488e+000	  4.0335732e+000	  2.7060225e+000	  1.4732969e+000	  2.4057126e-001	
  3.1700003e+001	  2.7180002e+001	  2.3240002e+001	  1.9950001e+001	  1.7040001e+001	  1.4580000e+001	  1.2350000e+001	  1.0460000e+001	  8.6800003e+000	  7.0688190e+000	  5.4576378e+000	  4.0360069e+000	  2.7091517e+000	  1.4770720e+000	  2.4499226e-001	
  3.1700003e+001	  2.7180002e+001	  2.3240002e+001	  1.9950001e+001	  1.7040001e+001	  1.4580000e+001	  1.2350000e+001	  1.0460000e+001	  8.6800003e+000	  7.0469961e+000	  5.4139919e+000	  3.9731057e+000	  2.6282785e+000	  1.3795104e+000	  1.3074231e-001	
  3.1700003e+001	  2.7180002e+001	  2.3240002e+001	  1.9950001e+001	  1.7040001e+001	  1.4580000e+001	  1.2350000e+001	  1.0460000e+001	  8.6800003e+000	  7.0172086e+000	  5.3544168e+000	  3.8872478e+000	  2.5178900e+000	  1.2463435e+000	 -2.5202990e-002	
  3.1700003e+001	  2.7180002e+001	  2.3240002e+001	  1.9950001e+001	  1.7040001e+001	  1.4580000e+001	  1.2350000e+001	  1.0460000e+001	  8.6800003e+000	  6.9806738e+000	  5.2813473e+000	  3.7819414e+000	  2.3824959e+000	  1.0830109e+000	 -2.1647406e-001	
  3.1700003e+001	  2.7180002e+001	  2.3240002e+001	  1.9950001e+001	  1.7040001e+001	  1.4580000e+001	  1.2350000e+001	  1.0460000e+001	  8.6800003e+000	  6.9301095e+000	  5.1802187e+000	  3.6361971e+000	  2.1951103e+000	  8.5695851e-001	 -4.8119330e-001	
  3.1700003e+001	  2.7180002e+001	  2.3240002e+001	  1.9950001e+001	  1.7040001e+001	  1.4580000e+001	  1.2350000e+001	  1.0460000e+001	  8.6800003e+000	  6.8758211e+000	  5.0716419e+000	  3.4797189e+000	  1.9939241e+000	  6.1425769e-001	 -7.6540875e-001	
  3.1700003e+001	  2.7180002e+001	  2.3240002e+001	  1.9950001e+001	  1.7040001e+001	  1.4580000e+001	  1.2350000e+001	  1.0460000e+001	  8.6800003e+000	  6.8143396e+000	  4.9486790e+000	  3.3025074e+000	  1.7660807e+000	  3.3939898e-001	 -1.0872828e+000	
  3.1700003e+001	  2.7180002e+001	  2.3240002e+001	  1.9950001e+001	  1.7040001e+001	  1.4580000e+001	  1.2350000e+001	  1.0460000e+001	  8.6800003e+000	  6.7543659e+000	  4.8287315e+000	  3.1296420e+000	  1.5438254e+000	  7.1281433e-002	 -1.4012625e+000	
  3.1700003e+001	  2.7180002e+001	  2.3240002e+001	  1.9950001e+001	  1.7040001e+001	  1.4580000e+001	  1.2350000e+001	  1.0460000e+001	  8.6800003e+000	  6.7094803e+000	  4.7389603e+000	  3.0002661e+000	  1.3774849e+000	 -1.2938333e-001	 -1.6362516e+000	
  3.1700003e+001	  2.7180002e+001	  2.3240002e+001	  1.9950001e+001	  1.7040001e+001	  1.4580000e+001	  1.2350000e+001	  1.0460000e+001	  8.6800003e+000	  6.6703796e+000	  4.6607590e+000	  2.8875644e+000	  1.2325829e+000	 -3.0418563e-001	 -1.8409542e+000	
  3.1700003e+001	  2.7180002e+001	  2.3240002e+001	  1.9950001e+001	  1.7040001e+001	  1.4580000e+001	  1.2350000e+001	  1.0460000e+001	  8.6800003e+000	  6.6425228e+000	  4.6050453e+000	  2.8072710e+000	  1.1293485e+000	 -4.2872238e-001	 -1.9867933e+000	
  3.1700003e+001	  2.7180002e+001	  2.3240002e+001	  1.9950001e+001	  1.7040001e+001	  1.4580000e+001	  1.2350000e+001	  1.0460000e+001	  8.6800003e+000	  6.6292477e+000	  4.5784950e+000	  2.7690077e+000	  1.0801528e+000	 -4.8806965e-001	 -2.0562921e+000	
  3.1700003e+001	  2.7180002e+001	  2.3240002e+001	  1.9950001e+001	  1.7040001e+001	  1.4580000e+001	  1.2350000e+001	  1.0460000e+001	  8.6800003e+000	  6.6279631e+000	  4.5759258e+000	  2.7653046e+000	  1.0753914e+000	 -4.9381363e-001	 -2.0630188e+000	
  3.1700003e+001	  2.7180002e+001	  2.3240002e+001	  1.9950001e+001	  1.7040001e+001	  1.4580000e+001	  1.2350000e+001	  1.0460000e+001	  8.6800003e+000	  6.6365671e+000	  4.5931339e+000	  2.7901044e+000	  1.1072769e+000	 -4.5534849e-001	 -2.0179739e+000	
  3.1700003e+001	  2.7180002e+001	  2.3240002e+001	  1.9950001e+001	  1.7040001e+001	  1.4580000e+001	  1.2350000e+001	  1.0460000e+001	  8.6800003e+000	  6.6722889e+000	  4.6645775e+000	  2.8930674e+000	  1.2396578e+000	 -2.9565108e-001	 -1.8309599e+000	
  3.1700003e+001	  2.7180002e+001	  2.3240002e+001	  1.9950001e+001	  1.7040001e+001	  1.4580000e+001	  1.2350000e+001	  1.0460000e+001	  8.6800003e+000	  6.7143836e+000	  4.7487669e+000	  3.0143991e+000	  1.3956559e+000	 -1.0746276e-001	 -1.6105814e+000	
  3.1700003e+001	  2.7180002e+001	  2.3240002e+001	  1.9950001e+001	  1.7040001e+001	  1.4580000e+001	  1.2350000e+001	  1.0460000e+001	  8.6800003e+000	  6.7547455e+000	  4.8294907e+000	  3.1307364e+000	  1.5452322e+000	  7.2978377e-002	 -1.3992754e+000	
  3.1700003e+001	  2.7180002e+001	  2.3240002e+001	  1.9950001e+001	  1.7040001e+001	  1.4580000e+001	  1.2350000e+001	  1.0460000e+001	  8.6800003e+000	  6.8142686e+000	  4.9485369e+000	  3.3023031e+000	  1.7658182e+000	  3.3908236e-001	 -1.0876535e+000	
  3.1700003e+001	  2.7180002e+001	  2.3240002e+001	  1.9950001e+001	  1.7040001e+001	  1.4580000e+001	  1.2350000e+001	  1.0460000e+001	  8.6800003e+000	  6.8676143e+000	  5.0552282e+000	  3.4560642e+000	  1.9635111e+000	  5.7756901e-001	 -8.0837309e-001	
  3.1700003e+001	  2.7180002e+001	  2.3240002e+001	  1.9950001e+001	  1.7040001e+001	  1.4580000e+001	  1.2350000e+001	  1.0460000e+001	  8.6800003e+000	  6.9220858e+000	  5.1641712e+000	  3.6130702e+000	  2.1653762e+000	  8.2108879e-001	 -5.2319860e-001	
  3.1700003e+001	  2.7180002e+001	  2.3240002e+001	  1.9950001e+001	  1.7040001e+001	  1.4580000e+001	  1.2350000e+001	  1.0460000e+001	  8.6800003e+000	  6.9770985e+000	  5.2741966e+000	  3.7716365e+000	  2.3692470e+000	  1.0670282e+000	 -2.3519063e-001	
  3.1700003e+001	  2.7180002e+001	  2.3240002e+001	  1.9950001e+001	  1.7040001e+001	  1.4580000e+001	  1.2350000e+001	  1.0460000e+001	  8.6800003e+000	  7.0180154e+000	  5.3560305e+000	  3.8895731e+000	  2.5208795e+000	  1.2499498e+000	 -2.0979881e-002	
  3.1700003e+001	  2.7180002e+001	  2.3240002e+001	  1.9950001e+001	  1.7040001e+001	  1.4580000e+001	  1.2350000e+001	  1.0460000e+001	  8.6800003e+000	  7.0515518e+000	  5.4231033e+000	  3.9862370e+000	  2.6451619e+000	  1.3998778e+000	  1.5459371e-001	
  3.1700003e+001	  2.7180002e+001	  2.3240002e+001	  1.9950001e+001	  1.7040001e+001	  1.4580000e+001	  1.2350000e+001	  1.0460000e+001	  8.6800003e+000	  7.0721316e+000	  5.4642630e+000	  4.0455551e+000	  2.7214279e+000	  1.4918814e+000	  2.6233482e-001	
  3.1700003e+001	  2.7180002e+001	  2.3240002e+001	  1.9950001e+001	  1.7040001e+001	  1.4580000e+001	  1.2350000e+001	  1.0460000e+001	  8.6800003e+000	  7.0733976e+000	  5.4667950e+000	  4.0492043e+000	  2.7261200e+000	  1.4975415e+000	  2.6896310e-001	
  3.1700003e+001	  2.7180002e+001	  2.3240002e+001	  1.9950001e+001	  1.7040001e+001	  1.4580000e+001	  1.2350000e+001	  1.0460000e+001	  8.6800003e+000	  7.0609765e+000	  5.4419527e+000	  4.0134020e+000	  2.6800880e+000	  1.4420110e+000	  2.0393395e-001	
  3.1700003e+001	  2.7180002e+001	  2.3240002e+001	  1.9950001e+001	  1.7040001e+001	  1.4580000e+001	  1.2350000e+001	  1.0460000e+001	  8.6800003e+000	  7.0334792e+000	  5.3869581e+000	  3.9341452e+000	  2.5781865e+000	  1.3190820e+000	  5.9977531e-002	
  3.1700003e+001	  2.7180002e+001	  2.3240002e+001	  1.9950001e+001	  1.7040001e+001	  1.4580000e+001	  1.2350000e+001	  1.0460000e+001	  8.6800003e+000	  6.9916630e+000	  5.3033257e+000	  3.8136163e+000	  2.4232206e+000	  1.1321391e+000	 -1.5894246e-001	
  3.1700003e+001	  2.7180002e+001	  2.3240002e+001	  1.9950001e+001	  1.7040001e+001	  1.4580000e+001	  1.2350000e+001	  1.0460000e+001	  8.6800003e+000	  6.9424038e+000	  5.2048073e+000	  3.6716340e+000	  2.2406721e+000	  9.1192198e-001	 -4.1682816e-001	
  3.1700003e+001	  2.7180002e+001	  2.3240002e+001	  1.9950001e+001	  1.7040001e+001	  1.4580000e+001	  1.2350000e+001	  1.0460000e+001	  8.6800003e+000	  6.8899288e+000	  5.0998573e+000	  3.5203826e+000	  2.0462065e+000	  6.7732847e-001	 -6.9154954e-001	
  3.1700003e+001	  2.7180002e+001	  2.3240002e+001	  1.9950001e+001	  1.7040001e+001	  1.4580000e+001	  1.2350000e+001	  1.0460000e+001	  8.6800003e+000	  6.8298101e+000	  4.9796200e+000	  3.3470993e+000	  1.8234133e+000	  4.0856206e-001	 -1.0062891e+000	
  3.1700003e+001	  2.7180002e+001	  2.3240002e+001	  1.9950001e+001	  1.7040001e+001	  1.4580000e+001	  1.2350000e+001	  1.0460000e+001	  8.6800003e+000	  6.7743368e+000	  4.8686733e+000	  3.1872053e+000	  1.6178354e+000	  1.6056335e-001	 -1.2967087e+000	
  3.1700003e+001	  2.7180002e+001	  2.3240002e+001	  1.9950001e+001	  1.7040001e+001	  1.4580000e+001	  1.2350000e+001	  1.0460000e+001	  8.6800003e+000	  6.7214084e+000	  4.7628164e+000	  3.0346470e+000	  1.4216889e+000	 -7.6057792e-002	 -1.5738045e+000	
  3.1700003e+001	  2.7180002e+001	  2.3240002e+001	  1.9950001e+001	  1.7040001e+001	  1.4580000e+001	  1.2350000e+001	  1.0460000e+001	  8.6800003e+000	  6.6766381e+000	  4.6732759e+000	  2.9056034e+000	  1.2557757e+000	 -2.7620721e-001	 -1.8081901e+000	
  3.1700003e+001	  2.7180002e+001	  2.3240002e+001	  1.9950001e+001	  1.7040001e+001	  1.4580000e+001	  1.2350000e+001	  1.0460000e+001	  8.6800003e+000	  6.6366901e+000	  4.5933800e+000	  2.7904589e+000	  1.1077327e+000	 -4.5479882e-001	 -2.0173302e+000	
  3.1700003e+001	  2.7180002e+001	  2.3240002e+001	  1.9950001e+001	  1.7040001e+001	  1.4580000e+001	  1.2350000e+001	  1.0460000e+001	  8.6800003e+000	  6.6112008e+000	  4.5424013e+000	  2.7169900e+000	  1.0132728e+000	 -5.6875038e-001	 -2.1507735e+000	
  3.1700003e+001	  2.7180002e+001	  2.3240002e+001	  1.9950001e+001	  1.7040001e+001	  1.4580000e+001	  1.2350000e+001	  1.0460000e+001	  8.6800003e+000	  6.6082215e+000	  4.5364428e+000	  2.7084026e+000	  1.0022320e+000	 -5.8206940e-001	 -2.1663709e+000	
  3.1700003e+001	  2.7180002e+001	  2.3240002e+001	  1.9950001e+001	  1.7040001e+001	  1.4580000e+001	  1.2350000e+001	  1.0460000e+001	  8.6800003e+000	  6.6166906e+000	  4.5533810e+000	  2.7328138e+000	  1.0336180e+000	 -5.4420674e-001	 -2.1220315e+000	
  3.1700003e+001	  2.7180002e+001	  2.3240002e+001	  1.9950001e+001	  1.7040001e+001	  1.4580000e+001	  1.2350000e+001	  1.0460000e+001	  8.6800003e+000	  6.6270866e+000	  4.5741730e+000	  2.7627788e+000	  1.0721440e+000	 -4.9773097e-001	 -2.0676060e+000	
  3.1700003e+001	  2.7180002e+001	  2.3240002e+001	  1.9950001e+001	  1.7040001e+001	  1.4580000e+001	  1.2350000e+001	  1.0460000e+001	  8.6800003e+000	  6.6689777e+000	  4.6579552e+000	  2.8835235e+000	  1.2273874e+000	 -3.1045318e-001	 -1.8482938e+000	
  3.1700003e+001	  2.7180002e+001	  2.3240002e+001	  1.9950001e+001	  1.7040001e+001	  1.4580000e+001	  1.2350000e+001	  1.0460000e+001	  8.6800003e+000	  6.7073560e+000	  4.7347116e+000	  2.9941430e+000	  1.3696123e+000	 -1.3888037e-001	 -1.6473731e+000	
  3.1700003e+001	  2.7180002e+001	  2.3240002e+001	  1.9950001e+001	  1.7040001e+001	  1.4580000e+001	  1.2350000e+001	  1.0460000e+001	  8.6800003e+000	  6.7573838e+000	  4.8347673e+000	  3.1383410e+000	  1.5550096e+000	  8.4773421e-002	 -1.3854628e+000	
  3.1700003e+001	  2.7180002e+001	  2.3240002e+001	  1.9950001e+001	  1.7040001e+001	  1.4580000e+001	  1.2350000e+001	  1.0460000e+001	  8.6800003e+000	  6.8260937e+000	  4.9721870e+000	  3.3363869e+000	  1.8096402e+000	  3.9194691e-001	 -1.0257463e+000	
  3.1700003e+001	  2.7180002e+001	  2.3240002e+001	  1.9950001e+001	  1.7040001e+001	  1.4580000e+001	  1.2350000e+001	  1.0460000e+001	  8.6800003e+000	  6.8838892e+000	  5.0877781e+000	  3.5029740e+000	  2.0238237e+000	  6.5032709e-001	 -7.2316957e-001	
  3.1700003e+001	  2.7180002e+001	  2.3240002e+001	  1.9950001e+001	  1.7040001e+001	  1.4580000e+001	  1.2350000e+001	  1.0460000e+001	  8.6800003e+000	  6.9382472e+000	  5.1964941e+000	  3.6596532e+000	  2.2252684e+000	  8.9333975e-001	 -4.3858886e-001	
  3.1700003e+001	  2.7180002e+001	  2.3240002e+001	  1.9950001e+001	  1.7040001e+001	  1.4580000e+001	  1.2350000e+001	  1.0460000e+001	  8.6800003e+000	  6.9846363e+000	  5.2892723e+000	  3.7933629e+000	  2.3971806e+000	  1.1007258e+000	 -1.9572902e-001	
  3.1700003e+001	  2.7180002e+001	  2.3240002e+001	  1.9950001e+001	  1.7040001e+001	  1.4580000e+001	  1.2350000e+001	  1.0460000e+001	  8.6800003e+000	  7.0190706e+000	  5.3581409e+000	  3.8926148e+000	  2.5247908e+000	  1.2546684e+000	 -1.5454054e-002	
  3.1700003e+001	  2.7180002e+001	  2.3240002e+001	  1.9950001e+001	  1.7040001e+001	  1.4580000e+001	  1.2350000e+001	  1.0460000e+001	  8.6800003e+000	  7.0521827e+000	  5.4243650e+000	  3.9880552e+000	  2.6474996e+000	  1.4026978e+000	  1.5789604e-001	
  3.1700003e+001	  2.7180002e+001	  2.3240002e+001	  1.9950001e+001	  1.7040001e+001	  1.4580000e+001	  1.2350000e+001	  1.0460000e+001	  8.6800003e+000	  7.0682573e+000	  5.4565144e+000	  4.0343885e+000	  2.7070708e+000	  1.4745617e+000	  2.4205256e-001	
  3.1700003e+001	  2.7180002e+001	  2.3240002e+001	  1.9950001e+001	  1.7040001e+001	  1.4580000e+001	  1.2350000e+001	  1.0460000e+001	  8.6800003e+000	  7.0631399e+000	  5.4462795e+000	  4.0196381e+000	  2.6881061e+000	  1.4516836e+000	  2.1526122e-001	
  3.1700003e+001	  2.7180002e+001	  2.3240002e+001	  1.9950001e+001	  1.7040001e+001	  1.4580000e+001	  1.2350000e+001	  1.0460000e+001	  8.6800003e+000	  7.0522323e+000	  5.4244642e+000	  3.9881983e+000	  2.6476836e+000	  1.4029199e+000	  1.5815616e-001	
  3.1700003e+001	  2.7180002e+001	  2.3240002e+001	  1.9950001e+001	  1.7040001e+001	  1.4580000e+001	  1.2350000e+001	  1.0460000e+001	  8.6800003e+000	  7.0288215e+000	  5.3776426e+000	  3.9207201e+000	  2.5609257e+000	  1.2982595e+000	  3.5593271e-002	
  3.1700003e+001	  2.7180002e+001	  2.3240002e+001	  1.9950001e+001	  1.7040001e+001	  1.4580000e+001	  1.2350000e+001	  1.0460000e+001	  8.6800003e+000	  6.9857216e+000	  5.2914429e+000	  3.7964909e+000	  2.4012024e+000	  1.1055776e+000	 -1.9004726e-001	
  3.1700003e+001	  2.7180002e+001	  2.3240002e+001	  1.9950001e+001	  1.7040001e+001	  1.4580000e+001	  1.2350000e+001	  1.0460000e+001	  8.6800003e+000	  6.9380913e+000	  5.1961823e+000	  3.6592035e+000	  2.2246900e+000	  8.9264178e-001	 -4.3940639e-001	
  3.1700003e+001	  2.7180002e+001	  2.3240002e+001	  1.9950001e+001	  1.7040001e+001	  1.4580000e+001	  1.2350000e+001	  1.0460000e+001	  8.6800003e+000	  6.8825674e+000	  5.0851345e+000	  3.4991646e+000	  2.0189259e+000	  6.4441860e-001	 -7.3008871e-001	
  3.1700003e+001	  2.7180002e+001	  2.3240002e+001	  1.9950001e+001	  1.7040001e+001	  1.4580000e+001	  1.2350000e+001	  1.0460000e+001	  8.6800003e+000	  6.8287392e+000	  4.9774780e+000	  3.3440123e+000	  1.8194444e+000	  4.0377426e-001	 -1.0118959e+000	
  3.1700003e+001	  2.7180002e+001	  2.3240002e+001	  1.9950001e+001	  1.7040001e+001	  1.4580000e+001	  1.2350000e+001	  1.0460000e+001	  8.6800003e+000	  6.7741985e+000	  4.8683968e+000	  3.1868072e+000	  1.6173234e+000	  1.5994573e-001	 -1.2974319e+000	
  3.1700003e+001	  2.7180002e+001	  2.3240002e+001	  1.9950001e+001	  1.7040001e+001	  1.4580000e+001	  1.2350000e+001	  1.0460000e+001	  8.6800003e+000	  6.7252541e+000	  4.7705078e+000	  3.0457318e+000	  1.4359409e+000	 -5.8864951e-002	 -1.5536708e+000	
  3.1700003e+001	  2.7180002e+001	  2.3240002e+001	  1.9950001e+001	  1.7040001e+001	  1.4580000e+001	  1.2350000e+001	  1.0460000e+001	  8.6800003e+000	  6.6917963e+000	  4.7035923e+000	  2.9492946e+000	  1.3119501e+000	 -2.0844114e-001	 -1.7288324e+000	
  3.1700003e+001	  2.7180002e+001	  2.3240002e+001	  1.9950001e+001	  1.7040001e+001	  1.4580000e+001	  1.2350000e+001	  1.0460000e+001	  8.6800003e+000	  6.6596060e+000	  4.6392117e+000	  2.8565106e+000	  1.1926563e+000	 -3.5235131e-001	 -1.8973589e+000	
  3.1700003e+001	  2.7180002e+001	  2.3240002e+001	  1.9950001e+001	  1.7040001e+001	  1.4580000e+001	  1.2350000e+001	  1.0460000e+001	  8.6800003e+000	  6.6396208e+000	  4.5992413e+000	  2.7989063e+000	  1.1185939e+000	 -4.4169617e-001	 -2.0019863e+000	
  3.1700003e+001	  2.7180002e+001	  2.3240002e+001	  1.9950001e+001	  1.7040001e+001	  1.4580000e+001	  1.2350000e+001	  1.0460000e+001	  8.6800003e+000	  6.6331754e+000	  4.5863504e+000	  2.7803283e+000	  1.0947077e+000	 -4.7051132e-001	 -2.0357304e+000	
  3.1700003e+001	  2.7180002e+001	  2.3240002e+001	  1.9950001e+001	  1.7040001e+001	  1.4580000e+001	  1.2350000e+001	  1.0460000e+001	  8.6800003e+000	  6.6545348e+000	  4.6290693e+000	  2.8418937e+000	  1.1738633e+000	 -3.7502205e-001	 -1.9239074e+000	
  3.1700003e+001	  2.7180002e+001	  2.3240002e+001	  1.9950001e+001	  1.7040001e+001	  1.4580000e+001	  1.2350000e+001	  1.0460000e+001	  8.6800003e+000	  6.6737404e+000	  4.6674805e+000	  2.8972507e+000	  1.2450364e+000	 -2.8916264e-001	 -1.8233616e+000	
  3.1700003e+001	  2.7180002e+001	  2.3240002e+001	  1.9950001e+001	  1.7040001e+001	  1.4580000e+001	  1.2350000e+001	  1.0460000e+001	  8.6800003e+000	  6.7102699e+000	  4.7405396e+000	  3.0025420e+000	  1.3804110e+000	 -1.2585342e-001	 -1.6321179e+000	
  3.1700003e+001	  2.7180002e+001	  2.3240002e+001	  1.9950001e+001	  1.7040001e+001	  1.4580000e+001	  1.2350000e+001	  1.0460000e+001	  8.6800003e+000	  6.7538133e+000	  4.8276262e+000	  3.1280494e+000	  1.5417777e+000	  6.8811178e-002	 -1.4041554e+000	
  3.1700003e+001	  2.7180002e+001	  2.3240002e+001	  1.9950001e+001	  1.7040001e+001	  1.4580000e+001	  1.2350000e+001	  1.0460000e+001	  8.6800003e+000	  6.8050628e+000	  4.9301252e+000	  3.2757685e+000	  1.7317023e+000	  2.9792666e-001	 -1.1358490e+000	
  3.1700003e+001	  2.7180002e+001	  2.3240002e+001	  1.9950001e+001	  1.7040001e+001	  1.4580000e+001	  1.2350000e+001	  1.0460000e+001	  8.6800003e+000	  6.8590765e+000	  5.0381527e+000	  3.4314551e+000	  1.9318707e+000	  5.3939950e-001	 -8.5307169e-001	
  3.1700003e+001	  2.7180002e+001	  2.3240002e+001	  1.9950001e+001	  1.7040001e+001	  1.4580000e+001	  1.2350000e+001	  1.0460000e+001	  8.6800003e+000	  6.9158425e+000	  5.1516848e+000	  3.5950751e+000	  2.1422396e+000	  7.9317796e-001	 -5.5588365e-001	
  3.1700003e+001	  2.7180002e+001	  2.3240002e+001	  1.9950001e+001	  1.7040001e+001	  1.4580000e+001	  1.2350000e+001	  1.0460000e+001	  8.6800003e+000	  6.9668007e+000	  5.2536011e+000	  3.7419543e+000	  2.3310843e+000	  1.0209906e+000	 -2.8910303e-001	
  3.1700003e+001	  2.7180002e+001	  2.3240002e+001	  1.9950001e+001	  1.7040001e+001	  1.4580000e+001	  1.2350000e+001	  1.0460000e+001	  8.6800003e+000	  7.0105376e+000	  5.3410749e+000	  3.8680196e+000	  2.4931679e+000	  1.2165200e+000	 -6.0127974e-002	
  3.1700003e+001	  2.7180002e+001	  2.3240002e+001	  1.9950001e+001	  1.7040001e+001	  1.4580000e+001	  1.2350000e+001	  1.0460000e+001	  8.6800003e+000	  7.0435853e+000	  5.4071703e+000	  3.9632747e+000	  2.6156390e+000	  1.3642629e+000	  1.1288691e-001	
  3.1700003e+001	  2.7180002e+001	  2.3240002e+001	  1.9950001e+001	  1.7040001e+001	  1.4580000e+001	  1.2350000e+001	  1.0460000e+001	  8.6800003e+000	  7.0577006e+000	  5.4354010e+000	  4.0039601e+000	  2.6679487e+000	  1.4273669e+000	  1.8678498e-001	
  3.1700003e+001	  2.7180002e+001	  2.3240002e+001	  1.9950001e+001	  1.7040001e+001	  1.4580000e+001	  1.2350000e+001	  1.0460000e+001	  8.6800003e+000	  7.0638294e+000	  5.4476585e+000	  4.0216255e+000	  2.6906614e+000	  1.4547662e+000	  2.1887088e-001	
  3.1700003e+001	  2.7180002e+001	  2.3240002e+001	  1.9950001e+001	  1.7040001e+001	  1.4580000e+001	  1.2350000e+001	  1.0460000e+001	  8.6800003e+000	  7.0517693e+000	  5.4235382e+000	  3.9868636e+000	  2.6459675e+000	  1.4008497e+000	  1.5573192e-001	
  3.1700003e+001	  2.7180002e+001	  2.3240002e+001	  1.9950001e+001	  1.7040001e+001	  1.4580000e+001	  1.2350000e+001	  1.0460000e+001	  8.6800003e+000	  7.0278664e+000	  5.3757324e+000	  3.9179673e+000	  2.5573866e+000	  1.2939904e+000	  3.0594110e-002	
  3.1700003e+001	  2.7180002e+001	  2.3240002e+001	  1.9950001e+001	  1.7040001e+001	  1.4580000e+001	  1.2350000e+001	  1.0460000e+001	  8.6800003e+000	  6.9929914e+000	  5.3059826e+000	  3.8174453e+000	  2.4281440e+000	  1.1380785e+000	 -1.5198708e-001	
  3.1700003e+001	  2.7180002e+001	  2.3240002e+001	  1.9950001e+001	  1.7040001e+001	  1.4580000e+001	  1.2350000e+001	  1.0460000e+001	  8.6800003e+000	  6.9501119e+000	  5.2202234e+000	  3.6938510e+000	  2.2692370e+000	  9.4638121e-001	 -3.7647462e-001	
  3.1700003e+001	  2.7180002e+001	  2.3240002e+001	  1.9950001e+001	  1.7040001e+001	  1.4580000e+001	  1.2350000e+001	  1.0460000e+001	  8.6800003e+000	  6.8983784e+000	  5.1167564e+000	  3.5447369e+000	  2.0775189e+000	  7.1510220e-001	 -6.4731455e-001	
  3.1700003e+001	  2.7180002e+001	  2.3240002e+001	  1.9950001e+001	  1.7040001e+001	  1.4580000e+001	  1.2350000e+001	  1.0460000e+001	  8.6800003e+000	  6.8428478e+000	  5.0056953e+000	  3.3846784e+000	  1.8717293e+000	  4.6684802e-001	 -9.3803322e-001	
  3.1700003e+001	  2.7180002e+001	  2.3240002e+001	  1.9950001e+001	  1.7040001e+001	  1.4580000e+001	  1.2350000e+001	  1.0460000e+001	  8.6800003e+000	  6.7897801e+000	  4.8995600e+000	  3.2317185e+000	  1.6750666e+000	  2.2960413e-001	 -1.2158583e+000	
  3.1700003e+001	  2.7180002e+001	  2.3240002e+001	  1.9950001e+001	  1.7040001e+001	  1.4580000e+001	  1.2350000e+001	  1.0460000e+001	  8.6800003e+000	  6.7300739e+000	  4.7801476e+000	  3.0596242e+000	  1.4538025e+000	 -3.7317634e-002	 -1.5284377e+000	
  3.1700003e+001	  2.7180002e+001	  2.3240002e+001	  1.9950001e+001	  1.7040001e+001	  1.4580000e+001	  1.2350000e+001	  1.0460000e+001	  8.6800003e+000	  6.6808133e+000	  4.6816263e+000	  2.9176378e+000	  1.2712485e+000	 -2.5754154e-001	 -1.7863315e+000	
  3.1700003e+001	  2.7180002e+001	  2.3240002e+001	  1.9950001e+001	  1.7040001e+001	  1.4580000e+001	  1.2350000e+001	  1.0460000e+001	  8.6800003e+000	  6.6501513e+000	  4.6203022e+000	  2.8292589e+000	  1.1576186e+000	 -3.9461863e-001	 -1.9468559e+000	
  3.1700003e+001	  2.7180002e+001	  2.3240002e+001	  1.9950001e+001	  1.7040001e+001	  1.4580000e+001	  1.2350000e+001	  1.0460000e+001	  8.6800003e+000	  6.6310778e+000	  4.5821552e+000	  2.7742822e+000	  1.0869341e+000	 -4.7988904e-001	 -2.0467122e+000	
  3.1700003e+001	  2.7180002e+001	  2.3240002e+001	  1.9950001e+001	  1.7040001e+001	  1.4580000e+001	  1.2350000e+001	  1.0460000e+001	  8.6800003e+000	  6.6218653e+000	  4.5637302e+000	  2.7477286e+000	  1.0527937e+000	 -5.2107418e-001	 -2.0949421e+000	
  3.1700003e+001	  2.7180002e+001	  2.3240002e+001	  1.9950001e+001	  1.7040001e+001	  1.4580000e+001	  1.2350000e+001	  1.0460000e+001	  8.6800003e+000	  6.6151619e+000	  4.5503235e+000	  2.7284074e+000	  1.0279524e+000	 -5.5104136e-001	 -2.1300352e+000	
  3.1700003e+001	  2.7180002e+001	  2.3240002e+001	  1.9950001e+001	  1.7040001e+001	  1.4580000e+001	  1.2350000e+001	  1.0460000e+001	  8.6800003e+000	  6.6330624e+000	  4.5861244e+000	  2.7800026e+000	  1.0942888e+000	 -4.7101676e-001	 -2.0363224e+000	
  3.1700003e+001	  2.7180002e+001	  2.3240002e+001	  1.9950001e+001	  1.7040001e+001	  1.4580000e+001	  1.2350000e+001	  1.0460000e+001	  8.6800003e+000	  6.6752405e+000	  4.6704807e+000	  2.9015751e+000	  1.2505964e+000	 -2.8245509e-001	 -1.8155066e+000	
  3.1700003e+001	  2.7180002e+001	  2.3240002e+001	  1.9950001e+001	  1.7040001e+001	  1.4580000e+001	  1.2350000e+001	  1.0460000e+001	  8.6800003e+000	  6.7063842e+000	  4.7327681e+000	  2.9913421e+000	  1.3660111e+000	 -1.4322472e-001	 -1.6524606e+000	
  3.1700003e+001	  2.7180002e+001	  2.3240002e+001	  1.9950001e+001	  1.7040001e+001	  1.4580000e+001	  1.2350000e+001	  1.0460000e+001	  8.6800003e+000	  6.7620530e+000	  4.8441057e+000	  3.1517992e+000	  1.5723132e+000	  1.0564768e-001	 -1.3610178e+000	
  3.1700003e+001	  2.7180002e+001	  2.3240002e+001	  1.9950001e+001	  1.7040001e+001	  1.4580000e+001	  1.2350000e+001	  1.0460000e+001	  8.6800003e+000	  6.8109202e+000	  4.9418402e+000	  3.2926517e+000	  1.7534093e+000	  3.2411277e-001	 -1.1051837e+000	
  3.1700003e+001	  2.7180002e+001	  2.3240002e+001	  1.9950001e+001	  1.7040001e+001	  1.4580000e+001	  1.2350000e+001	  1.0460000e+001	  8.6800003e+000	  6.8628044e+000	  5.0456085e+000	  3.4422002e+000	  1.9456859e+000	  5.5606544e-001	 -8.3355498e-001	
  3.1700003e+001	  2.7180002e+001	  2.3240002e+001	  1.9950001e+001	  1.7040001e+001	  1.4580000e+001	  1.2350000e+001	  1.0460000e+001	  8.6800003e+000	  6.9212823e+000	  5.1625643e+000	  3.6107540e+000	  2.1623979e+000	  8.1749582e-001	 -5.2740622e-001	
  3.1700003e+001	  2.7180002e+001	  2.3240002e+001	  1.9950001e+001	  1.7040001e+001	  1.4580000e+001	  1.2350000e+001	  1.0460000e+001	  8.6800003e+000	  6.9689193e+000	  5.2578382e+000	  3.7480609e+000	  2.3389354e+000	  1.0304618e+000	 -2.7801180e-001	
  3.1700003e+001	  2.7180002e+001	  2.3240002e+001	  1.9950001e+001	  1.7040001e+001	  1.4580000e+001	  1.2350000e+001	  1.0460000e+001	  8.6800003e+000	  7.0152740e+000	  5.3505478e+000	  3.8816717e+000	  2.5107207e+000	  1.2376949e+000	 -3.5331011e-002	
  3.1700003e+001	  2.7180002e+001	  2.3240002e+001	  1.9950001e+001	  1.7040001e+001	  1.4580000e+001	  1.2350000e+001	  1.0460000e+001	  8.6800003e+000	  7.0463715e+000	  5.4127426e+000	  3.9713051e+000	  2.6259637e+000	  1.3767179e+000	  1.2747216e-001	
  3.1700003e+001	  2.7180002e+001	  2.3240002e+001	  1.9950001e+001	  1.7040001e+001	  1.4580000e+001	  1.2350000e+001	  1.0460000e+001	  8.6800003e+000	  7.0646944e+000	  5.4493885e+000	  4.0241184e+000	  2.6938667e+000	  1.4586329e+000	  2.2339916e-001	
  3.1700003e+001	  2.7180002e+001	  2.3240002e+001	  1.9950001e+001	  1.7040001e+001	  1.4580000e+001	  1.2350000e+001	  1.0460000e+001	  8.6800003e+000	  7.0665822e+000	  5.4531641e+000	  4.0295601e+000	  2.7008629e+000	  1.4670727e+000	  2.3328257e-001	
  3.1700003e+001	  2.7180002e+001	  2.3240002e+001	  1.9950001e+001	  1.7040001e+001	  1.4580000e+001	  1.2350000e+001	  1.0460000e+001	  8.6800003e+000	  7.0578842e+000	  5.4357681e+000	  4.0044894e+000	  2.6686292e+000	  1.4281876e+000	  1.8774605e-001	
  3.1700003e+001	  2.7180002e+001	  2.3240002e+001	  1.9950001e+001	  1.7040001e+001	  1.4580000e+001	  1.2350000e+001	  1.0460000e+001	  8.6800003e+000	  7.0278168e+000	  5.3756332e+000	  3.9178243e+000	  2.5572026e+000	  1.2937682e+000	  3.0333757e-002	
  3.1700003e+001	  2.7180002e+001	  2.3240002e+001	  1.9950001e+001	  1.7040001e+001	  1.4580000e+001	  1.2350000e+001	  1.0460000e+001	  8.6800003e+000	  6.9921641e+000	  5.3043280e+000	  3.8150606e+000	  2.4250779e+000	  1.1343797e+000	 -1.5631843e-001	
  3.1700003e+001	  2.7180002e+001	  2.3240002e+001	  1.9950001e+001	  1.7040001e+001	  1.4580000e+001	  1.2350000e+001	  1.0460000e+001	  8.6800003e+000	  6.9547038e+000	  5.2294073e+000	  3.7070868e+000	  2.2862544e+000	  9.6691012e-001	 -3.5243416e-001	
  3.1700003e+001	  2.7180002e+001	  2.3240002e+001	  1.9950001e+001	  1.7040001e+001	  1.4580000e+001	  1.2350000e+001	  1.0460000e+001	  8.6800003e+000	  6.8973961e+000	  5.1147919e+000	  3.5419054e+000	  2.0738783e+000	  7.1071029e-001	 -6.5245771e-001	
  3.1700003e+001	  2.7180002e+001	  2.3240002e+001	  1.9950001e+001	  1.7040001e+001	  1.4580000e+001	  1.2350000e+001	  1.0460000e+001	  8.6800003e+000	  6.8476019e+000	  5.0152035e+000	  3.3983817e+000	  1.8893479e+000	  4.8810232e-001	 -9.1314328e-001	
  3.1700003e+001	  2.7180002e+001	  2.3240002e+001	  1.9950001e+001	  1.7040001e+001	  1.4580000e+001	  1.2350000e+001	  1.0460000e+001	  8.6800003e+000	  6.7962232e+000	  4.9124460e+000	  3.2502899e+000	  1.6989441e+000	  2.5840878e-001	 -1.1821265e+000	
  3.1700003e+001	  2.7180002e+001	  2.3240002e+001	  1.9950001e+001	  1.7040001e+001	  1.4580000e+001	  1.2350000e+001	  1.0460000e+001	  8.6800003e+000	  6.7502880e+000	  4.8205757e+000	  3.1178882e+000	  1.5287132e+000	  5.3050876e-002	 -1.4226115e+000	
  3.1700003e+001	  2.7180002e+001	  2.3240002e+001	  1.9950001e+001	  1.7040001e+001	  1.4580000e+001	  1.2350000e+001	  1.0460000e+001	  8.6800003e+000	  6.7077022e+000	  4.7354040e+000	  2.9951410e+000	  1.3708956e+000	 -1.3733220e-001	 -1.6455600e+000	
  3.1700003e+001	  2.7180002e+001	  2.3240002e+001	  1.9950001e+001	  1.7040001e+001	  1.4580000e+001	  1.2350000e+001	  1.0460000e+001	  8.6800003e+000	  6.6723156e+000	  4.6646309e+000	  2.8931444e+000	  1.2397569e+000	 -2.9553127e-001	 -1.8308195e+000	
  3.1700003e+001	  2.7180002e+001	  2.3240002e+001	  1.9950001e+001	  1.7040001e+001	  1.4580000e+001	  1.2350000e+001	  1.0460000e+001	  8.6800003e+000	  6.6566610e+000	  4.6333218e+000	  2.8480220e+000	  1.1817423e+000	 -3.6551726e-001	 -1.9127768e+000	
  3.1700003e+001	  2.7180002e+001	  2.3240002e+001	  1.9950001e+001	  1.7040001e+001	  1.4580000e+001	  1.2350000e+001	  1.0460000e+001	  8.6800003e+000	  6.6563020e+000	  4.6326036e+000	  2.8469875e+000	  1.1804125e+000	 -3.6712134e-001	 -1.9146552e+000	
  3.1700003e+001	  2.7180002e+001	  2.3240002e+001	  1.9950001e+001	  1.7040001e+001	  1.4580000e+001	  1.2350000e+001	  1.0460000e+001	  8.6800003e+000	  6.6554294e+000	  4.6308584e+000	  2.8444724e+000	  1.1771787e+000	 -3.7102246e-001	 -1.9192237e+000	
  3.1700003e+001	  2.7180002e+001	  2.3240002e+001	  1.9950001e+001	  1.7040001e+001	  1.4580000e+001	  1.2350000e+001	  1.0460000e+001	  8.6800003e+000	  6.6768770e+000	  4.6737537e+000	  2.9062920e+000	  1.2566608e+000	 -2.7513945e-001	 -1.8069397e+000	
  3.1700003e+001	  2.7180002e+001	  2.3240002e+001	  1.9950001e+001	  1.7040001e+001	  1.4580000e+001	  1.2350000e+001	  1.0460000e+001	  8.6800003e+000	  6.7090049e+000	  4.7380095e+000	  2.9988956e+000	  1.3757229e+000	 -1.3150895e-001	 -1.6387408e+000	
  3.1700003e+001	  2.7180002e+001	  2.3240002e+001	  1.9950001e+001	  1.7040001e+001	  1.4580000e+001	  1.2350000e+001	  1.0460000e+001	  8.6800003e+000	  6.7513938e+000	  4.8227873e+000	  3.1210756e+000	  1.5328114e+000	  5.7994604e-002	 -1.4168222e+000	
  3.1700003e+001	  2.7180002e+001	  2.3240002e+001	  1.9950001e+001	  1.7040001e+001	  1.4580000e+001	  1.2350000e+001	  1.0460000e+001	  8.6800003e+000	  6.7962494e+000	  4.9124985e+000	  3.2503653e+000	  1.6990411e+000	  2.5852585e-001	 -1.1819894e+000	
  3.1700003e+001	  2.7180002e+001	  2.3240002e+001	  1.9950001e+001	  1.7040001e+001	  1.4580000e+001	  1.2350000e+001	  1.0460000e+001	  8.6800003e+000	  6.8457460e+000	  5.0114918e+000	  3.3930321e+000	  1.8824695e+000	  4.7980440e-001	 -9.2286074e-001	
  3.1700003e+001	  2.7180002e+001	  2.3240002e+001	  1.9950001e+001	  1.7040001e+001	  1.4580000e+001	  1.2350000e+001	  1.0460000e+001	  8.6800003e+000	  6.9022646e+000	  5.1245289e+000	  3.5559382e+000	  2.0919204e+000	  7.3247540e-001	 -6.2696958e-001	
  3.1700003e+001	  2.7180002e+001	  2.3240002e+001	  1.9950001e+001	  1.7040001e+001	  1.4580000e+001	  1.2350000e+001	  1.0460000e+001	  8.6800003e+000	  6.9450660e+000	  5.2101316e+000	  3.6793072e+000	  2.2505379e+000	  9.2382348e-001	 -4.0289092e-001	
  3.1700003e+001	  2.7180002e+001	  2.3240002e+001	  1.9950001e+001	  1.7040001e+001	  1.4580000e+001	  1.2350000e+001	  1.0460000e+001	  8.6800003e+000	  6.9882898e+000	  5.2965794e+000	  3.8038933e+000	  2.4107199e+000	  1.1170588e+000	 -1.7660236e-001	
  3.1700003e+001	  2.7180002e+001	  2.3240002e+001	  1.9950001e+001	  1.7040001e+001	  1.4580000e+001	  1.2350000e+001	  1.0460000e+001	  8.6800003e+000	  7.0168247e+000	  5.3536491e+000	  3.8861411e+000	  2.5164669e+000	  1.2446265e+000	 -2.7213812e-002	
  3.1700003e+001	  2.7180002e+001	  2.3240002e+001	  1.9950001e+001	  1.7040001e+001	  1.4580000e+001	  1.2350000e+001	  1.0460000e+001	  8.6800003e+000	  7.0381336e+000	  5.3962669e+000	  3.9475610e+000	  2.5954356e+000	  1.3398906e+000	  8.4345579e-002	
  3.1700003e+001	  2.7180002e+001	  2.3240002e+001	  1.9950001e+001	  1.7040001e+001	  1.4580000e+001	  1.2350000e+001	  1.0460000e+001	  8.6800003e+000	  7.0509100e+000	  5.4218197e+000	  3.9843869e+000	  2.6427832e+000	  1.3970083e+000	  1.5123343e-001	
  3.1700003e+001	  2.7180002e+001	  2.3240002e+001	  1.9950001e+001	  1.7040001e+001	  1.4580000e+001	  1.2350000e+001	  1.0460000e+001	  8.6800003e+000	  7.0408483e+000	  5.4016962e+000	  3.9553857e+000	  2.6054959e+000	  1.3520268e+000	  9.8557711e-002	
  3.1700003e+001	  2.7180002e+001	  2.3240002e+001	  1.9950001e+001	  1.7040001e+001	  1.4580000e+001	  1.2350000e+001	  1.0460000e+001	  8.6800003e+000	  7.0249138e+000	  5.3698273e+000	  3.9094570e+000	  2.5464449e+000	  1.2807907e+000	  1.5136480e-002	
  3.1700003e+001	  2.7180002e+001	  2.3240002e+001	  1.9950001e+001	  1.7040001e+001	  1.4580000e+001	  1.2350000e+001	  1.0460000e+001	  8.6800003e+000	  6.9933748e+000	  5.3067493e+000	  3.8185506e+000	  2.4295650e+000	  1.1397927e+000	 -1.4997959e-001	
  3.1700003e+001	  2.7180002e+001	  2.3240002e+001	  1.9950001e+001	  1.7040001e+001	  1.4580000e+001	  1.2350000e+001	  1.0460000e+001	  8.6800003e+000	  6.9551744e+000	  5.2303486e+000	  3.7084436e+000	  2.2879992e+000	  9.6901488e-001	 -3.4996939e-001	
  3.1700003e+001	  2.7180002e+001	  2.3240002e+001	  1.9950001e+001	  1.7040001e+001	  1.4580000e+001	  1.2350000e+001	  1.0460000e+001	  8.6800003e+000	  6.9103618e+000	  5.1407232e+000	  3.5792773e+000	  2.1219277e+000	  7.6867461e-001	 -5.8457851e-001	
  3.1700003e+001	  2.7180002e+001	  2.3240002e+001	  1.9950001e+001	  1.7040001e+001	  1.4580000e+001	  1.2350000e+001	  1.0460000e+001	  8.6800003e+000	  6.8530283e+000	  5.0260563e+000	  3.4140220e+000	  1.9094568e+000	  5.1236069e-001	 -8.8473547e-001	
  3.1700003e+001	  2.7180002e+001	  2.3240002e+001	  1.9950001e+001	  1.7040001e+001	  1.4580000e+001	  1.2350000e+001	  1.0460000e+001	  8.6800003e+000	  6.8013077e+000	  4.9226151e+000	  3.2649450e+000	  1.7177862e+000	  2.8113878e-001	 -1.1555086e+000	
  3.1700003e+001	  2.7180002e+001	  2.3240002e+001	  1.9950001e+001	  1.7040001e+001	  1.4580000e+001	  1.2350000e+001	  1.0460000e+001	  8.6800003e+000	  6.7525082e+000	  4.8250160e+000	  3.1242876e+000	  1.5369409e+000	  6.2976241e-002	 -1.4109885e+000	
  3.1700003e+001	  2.7180002e+001	  2.3240002e+001	  1.9950001e+001	  1.7040001e+001	  1.4580000e+001	  1.2350000e+001	  1.0460000e+001	  8.6800003e+000	  6.7058172e+000	  4.7316341e+000	  2.9897077e+000	  1.3639097e+000	 -1.4575970e-001	 -1.6554291e+000	
  3.1700003e+001	  2.7180002e+001	  2.3240002e+001	  1.9950001e+001	  1.7040001e+001	  1.4580000e+001	  1.2350000e+001	  1.0460000e+001	  8.6800003e+000	  6.6703577e+000	  4.6607151e+000	  2.8875008e+000	  1.2325008e+000	 -3.0428481e-001	 -1.8410704e+000	
  3.1700003e+001	  2.7180002e+001	  2.3240002e+001	  1.9950001e+001	  1.7040001e+001	  1.4580000e+001	  1.2350000e+001	  1.0460000e+001	  8.6800003e+000	  6.6434474e+000	  4.6068945e+000	  2.8099360e+000	  1.1327748e+000	 -4.2458916e-001	 -1.9819531e+000	
  3.1700003e+001	  2.7180002e+001	  2.3240002e+001	  1.9950001e+001	  1.7040001e+001	  1.4580000e+001	  1.2350000e+001	  1.0460000e+001	  8.6800003e+000	  6.6274891e+000	  4.5749779e+000	  2.7639384e+000	  1.0736351e+000	 -4.9593222e-001	 -2.0654995e+000	
  3.1700003e+001	  2.7180002e+001	  2.3240002e+001	  1.9950001e+001	  1.7040001e+001	  1.4580000e+001	  1.2350000e+001	  1.0460000e+001	  8.6800003e+000	  6.6311483e+000	  4.5822964e+000	  2.7744861e+000	  1.0871965e+000	 -4.7957242e-001	 -2.0463414e+000	
  3.1700003e+001	  2.7180002e+001	  2.3240002e+001	  1.9950001e+001	  1.7040001e+001	  1.4580000e+001	  1.2350000e+001	  1.0460000e+001	  8.6800003e+000	  6.6457405e+000	  4.6114807e+000	  2.8165460e+000	  1.1412734e+000	 -4.1433680e-001	 -1.9699470e+000	
  3.1700003e+001	  2.7180002e+001	  2.3240002e+001	  1.9950001e+001	  1.7040001e+001	  1.4580000e+001	  1.2350000e+001	  1.0460000e+001	  8.6800003e+000	  6.6641769e+000	  4.6483536e+000	  2.8696856e+000	  1.2095956e+000	 -3.3191657e-001	 -1.8734287e+000	
  3.1700003e+001	  2.7180002e+001	  2.3240002e+001	  1.9950001e+001	  1.7040001e+001	  1.4580000e+001	  1.2350000e+001	  1.0460000e+001	  8.6800003e+000	  6.7024746e+000	  4.7249489e+000	  2.9800730e+000	  1.3515223e+000	 -1.6070318e-001	 -1.6729287e+000	
  3.1700003e+001	  2.7180002e+001	  2.3240002e+001	  1.9950001e+001	  1.7040001e+001	  1.4580000e+001	  1.2350000e+001	  1.0460000e+001	  8.6800003e+000	  6.7410378e+000	  4.8020754e+000	  3.0912261e+000	  1.4944336e+000	  1.1697769e-002	 -1.4710381e+000	
  3.1700003e+001	  2.7180002e+001	  2.3240002e+001	  1.9950001e+001	  1.7040001e+001	  1.4580000e+001	  1.2350000e+001	  1.0460000e+001	  8.6800003e+000	  6.7973971e+000	  4.9147940e+000	  3.2536736e+000	  1.7032945e+000	  2.6365697e-001	 -1.1759806e+000	
  3.1700003e+001	  2.7180002e+001	  2.3240002e+001	  1.9950001e+001	  1.7040001e+001	  1.4580000e+001	  1.2350000e+001	  1.0460000e+001	  8.6800003e+000	  6.8486519e+000	  5.0173035e+000	  3.4014077e+000	  1.8932384e+000	  4.9279559e-001	 -9.0764725e-001	
  3.1700003e+001	  2.7180002e+001	  2.3240002e+001	  1.9950001e+001	  1.7040001e+001	  1.4580000e+001	  1.2350000e+001	  1.0460000e+001	  8.6800003e+000	  6.9074736e+000	  5.1349468e+000	  3.5709527e+000	  2.1112249e+000	  7.5576341e-001	 -5.9969807e-001	
  3.1700003e+001	  2.7180002e+001	  2.3240002e+001	  1.9950001e+001	  1.7040001e+001	  1.4580000e+001	  1.2350000e+001	  1.0460000e+001	  8.6800003e+000	  6.9501305e+000	  5.2202606e+000	  3.6939049e+000	  2.2693062e+000	  9.4646454e-001	 -3.7637711e-001	
  3.1700003e+001	  2.7180002e+001	  2.3240002e+001	  1.9950001e+001	  1.7040001e+001	  1.4580000e+001	  1.2350000e+001	  1.0460000e+001	  8.6800003e+000	  6.9889994e+000	  5.2979984e+000	  3.8059387e+000	  2.4133496e+000	  1.1202312e+000	 -1.7288733e-001	
  3.1700003e+001	  2.7180002e+001	  2.3240002e+001	  1.9950001e+001	  1.7040001e+001	  1.4580000e+001	  1.2350000e+001	  1.0460000e+001	  8.6800003e+000	  7.0174336e+000	  5.3548670e+000	  3.8878963e+000	  2.5187237e+000	  1.2473493e+000	 -2.4025202e-002	
  3.1700003e+001	  2.7180002e+001	  2.3240002e+001	  1.9950001e+001	  1.7040001e+001	  1.4580000e+001	  1.2350000e+001	  1.0460000e+001	  8.6800003e+000	  7.0405555e+000	  5.4011106e+000	  3.9545417e+000	  2.6044106e+000	  1.3507175e+000	  9.7024441e-002	
  3.1700003e+001	  2.7180002e+001	  2.3240002e+001	  1.9950001e+001	  1.7040001e+001	  1.4580000e+001	  1.2350000e+001	  1.0460000e+001	  8.6800003e+000	  7.0517125e+000	  5.4234247e+000	  3.9867001e+000	  2.6457572e+000	  1.4005960e+000	  1.5543485e-001	
  3.1700003e+001	  2.7180002e+001	  2.3240002e+001	  1.9950001e+001	  1.7040001e+001	  1.4580000e+001	  1.2350000e+001	  1.0460000e+001	  8.6800003e+000	  7.0414629e+000	  5.4029255e+000	  3.9571571e+000	  2.6077735e+000	  1.3547745e+000	  1.0177541e-001	
  3.1700003e+001	  2.7180002e+001	  2.3240002e+001	  1.9950001e+001	  1.7040001e+001	  1.4580000e+001	  1.2350000e+001	  1.0460000e+001	  8.6800003e+000	  7.0304036e+000	  5.3808069e+000	  3.9252803e+000	  2.5667889e+000	  1.3053327e+000	  4.3876410e-002	
  3.1700003e+001	  2.7180002e+001	  2.3240002e+001	  1.9950001e+001	  1.7040001e+001	  1.4580000e+001	  1.2350000e+001	  1.0460000e+001	  8.6800003e+000	  7.0029297e+000	  5.3258591e+000	  3.8460908e+000	  2.4649739e+000	  1.1825082e+000	 -9.9957466e-002	
  3.1700003e+001	  2.7180002e+001	  2.3240002e+001	  1.9950001e+001	  1.7040001e+001	  1.4580000e+001	  1.2350000e+001	  1.0460000e+001	  8.6800003e+000	  6.9685073e+000	  5.2570143e+000	  3.7468734e+000	  2.3374085e+000	  1.0286199e+000	 -2.8016877e-001	
  3.1700003e+001	  2.7180002e+001	  2.3240002e+001	  1.9950001e+001	  1.7040001e+001	  1.4580000e+001	  1.2350000e+001	  1.0460000e+001	  8.6800003e+000	  6.9226999e+000	  5.1653996e+000	  3.6148400e+000	  2.1676514e+000	  8.2383347e-001	 -5.1998448e-001	
  3.1700003e+001	  2.7180002e+001	  2.3240002e+001	  1.9950001e+001	  1.7040001e+001	  1.4580000e+001	  1.2350000e+001	  1.0460000e+001	  8.6800003e+000	  6.8672619e+000	  5.0545235e+000	  3.4550486e+000	  1.9622053e+000	  5.7599378e-001	 -8.1021774e-001	
  3.1700003e+001	  2.7180002e+001	  2.3240002e+001	  1.9950001e+001	  1.7040001e+001	  1.4580000e+001	  1.2350000e+001	  1.0460000e+001	  8.6800003e+000	  6.8174329e+000	  4.9548655e+000	  3.3114238e+000	  1.7775449e+000	  3.5322881e-001	 -1.0710872e+000	
  3.1700003e+001	  2.7180002e+001	  2.3240002e+001	  1.9950001e+001	  1.7040001e+001	  1.4580000e+001	  1.2350000e+001	  1.0460000e+001	  8.6800003e+000	  6.7728848e+000	  4.8657694e+000	  3.1830204e+000	  1.6124547e+000	  1.5407228e-001	 -1.3043101e+000	
  3.1700003e+001	  2.7180002e+001	  2.3240002e+001	  1.9950001e+001	  1.7040001e+001	  1.4580000e+001	  1.2350000e+001	  1.0460000e+001	  8.6800003e+000	  6.7342710e+000	  4.7885418e+000	  3.0717220e+000	  1.4693569e+000	 -1.8553495e-002	 -1.5064639e+000	
  3.1700003e+001	  2.7180002e+001	  2.3240002e+001	  1.9950001e+001	  1.7040001e+001	  1.4580000e+001	  1.2350000e+001	  1.0460000e+001	  8.6800003e+000	  6.7032647e+000	  4.7265291e+000	  2.9823506e+000	  1.3544507e+000	 -1.5717053e-001	 -1.6687918e+000	
  3.1700003e+001	  2.7180002e+001	  2.3240002e+001	  1.9950001e+001	  1.7040001e+001	  1.4580000e+001	  1.2350000e+001	  1.0460000e+001	  8.6800003e+000	  6.6847754e+000	  4.6895504e+000	  2.9290581e+000	  1.2859318e+000	 -2.3982823e-001	 -1.7655883e+000	
  3.1700003e+001	  2.7180002e+001	  2.3240002e+001	  1.9950001e+001	  1.7040001e+001	  1.4580000e+001	  1.2350000e+001	  1.0460000e+001	  8.6800003e+000	  6.6665316e+000	  4.6530628e+000	  2.8764729e+000	  1.2183224e+000	 -3.2138872e-001	 -1.8610998e+000	
  3.1700003e+001	  2.7180002e+001	  2.3240002e+001	  1.9950001e+001	  1.7040001e+001	  1.4580000e+001	  1.2350000e+001	  1.0460000e+001	  8.6800003e+000	  6.6629591e+000	  4.6459179e+000	  2.8661752e+000	  1.2050822e+000	 -3.3736134e-001	 -1.8798048e+000	
  3.1700003e+001	  2.7180002e+001	  2.3240002e+001	  1.9950001e+001	  1.7040001e+001	  1.4580000e+001	  1.2350000e+001	  1.0460000e+001	  8.6800003e+000	  6.6883211e+000	  4.6966419e+000	  2.9392776e+000	  1.2990711e+000	 -2.2397780e-001	 -1.7470267e+000	
  3.1700003e+001	  2.7180002e+001	  2.3240002e+001	  1.9950001e+001	  1.7040001e+001	  1.4580000e+001	  1.2350000e+001	  1.0460000e+001	  8.6800003e+000	  6.7112608e+000	  4.7425213e+000	  3.0053983e+000	  1.3840836e+000	 -1.2142277e-001	 -1.6269292e+000	
  3.1700003e+001	  2.7180002e+001	  2.3240002e+001	  1.9950001e+001	  1.7040001e+001	  1.4580000e+001	  1.2350000e+001	  1.0460000e+001	  8.6800003e+000	  6.7388105e+000	  4.7976208e+000	  3.0848062e+000	  1.4861794e+000	  1.7402172e-003	 -1.4826989e+000	
  3.1700003e+001	  2.7180002e+001	  2.3240002e+001	  1.9950001e+001	  1.7040001e+001	  1.4580000e+001	  1.2350000e+001	  1.0460000e+001	  8.6800003e+000	  6.7794766e+000	  4.8789530e+000	  3.2020202e+000	  1.6368830e+000	  1.8354142e-001	 -1.2698002e+000	
  3.1700003e+001	  2.7180002e+001	  2.3240002e+001	  1.9950001e+001	  1.7040001e+001	  1.4580000e+001	  1.2350000e+001	  1.0460000e+001	  8.6800003e+000	  6.8222980e+000	  4.9645958e+000	  3.3254466e+000	  1.7955742e+000	  3.7497842e-001	 -1.0456173e+000	
  3.1700003e+001	  2.7180002e+001	  2.3240002e+001	  1.9950001e+001	  1.7040001e+001	  1.4580000e+001	  1.2350000e+001	  1.0460000e+001	  8.6800003e+000	  6.8651175e+000	  5.0502348e+000	  3.4488676e+000	  1.9542582e+000	  5.6640673e-001	 -8.2144475e-001	
  3.1700003e+001	  2.7180002e+001	  2.3240002e+001	  1.9950001e+001	  1.7040001e+001	  1.4580000e+001	  1.2350000e+001	  1.0460000e+001	  8.6800003e+000	  6.9217606e+000	  5.1635208e+000	  3.6121325e+000	  2.1641703e+000	  8.1963396e-001	 -5.2490234e-001	
  3.1700003e+001	  2.7180002e+001	  2.3240002e+001	  1.9950001e+001	  1.7040001e+001	  1.4580000e+001	  1.2350000e+001	  1.0460000e+001	  8.6800003e+000	  6.9606690e+000	  5.2413378e+000	  3.7242808e+000	  2.3083611e+000	  9.9357843e-001	 -3.2120419e-001	
  3.1700003e+001	  2.7180002e+001	  2.3240002e+001	  1.9950001e+001	  1.7040001e+001	  1.4580000e+001	  1.2350000e+001	  1.0460000e+001	  8.6800003e+000	  6.9919386e+000	  5.3038769e+000	  3.8144107e+000	  2.4242420e+000	  1.1333712e+000	 -1.5749955e-001	
  3.1700003e+001	  2.7180002e+001	  2.3240002e+001	  1.9950001e+001	  1.7040001e+001	  1.4580000e+001	  1.2350000e+001	  1.0460000e+001	  8.6800003e+000	  7.0201826e+000	  5.3603649e+000	  3.8958199e+000	  2.5289114e+000	  1.2596391e+000	 -9.6330643e-003	
  3.1700003e+001	  2.7180002e+001	  2.3240002e+001	  1.9950001e+001	  1.7040001e+001	  1.4580000e+001	  1.2350000e+001	  1.0460000e+001	  8.6800003e+000	  7.0225396e+000	  5.3650789e+000	  3.9026136e+000	  2.5376458e+000	  1.2701758e+000	  2.7058125e-003	
  3.1700003e+001	  2.7180002e+001	  2.3240002e+001	  1.9950001e+001	  1.7040001e+001	  1.4580000e+001	  1.2350000e+001	  1.0460000e+001	  8.6800003e+000	  7.0241022e+000	  5.3682041e+000	  3.9071178e+000	  2.5434372e+000	  1.2771624e+000	  1.0887623e-002	
  3.1700003e+001	  2.7180002e+001	  2.3240002e+001	  1.9950001e+001	  1.7040001e+001	  1.4580000e+001	  1.2350000e+001	  1.0460000e+001	  8.6800003e+000	  7.0141330e+000	  5.3482656e+000	  3.8783827e+000	  2.5064921e+000	  1.2325937e+000	 -4.1304827e-002	
  3.1700003e+001	  2.7180002e+001	  2.3240002e+001	  1.9950001e+001	  1.7040001e+001	  1.4580000e+001	  1.2350000e+001	  1.0460000e+001	  8.6800003e+000	  6.9892807e+000	  5.2985611e+000	  3.8067498e+000	  2.4143925e+000	  1.1214894e+000	 -1.7141366e-001	
  3.1700003e+001	  2.7180002e+001	  2.3240002e+001	  1.9950001e+001	  1.7040001e+001	  1.4580000e+001	  1.2350000e+001	  1.0460000e+001	  8.6800003e+000	  6.9585781e+000	  5.2371559e+000	  3.7182536e+000	  2.3006117e+000	  9.8423004e-001	 -3.3215165e-001	
  3.1700003e+001	  2.7180002e+001	  2.3240002e+001	  1.9950001e+001	  1.7040001e+001	  1.4580000e+001	  1.2350000e+001	  1.0460000e+001	  8.6800003e+000	  6.9203978e+000	  5.1607952e+000	  3.6082048e+000	  2.1591206e+000	  8.1354237e-001	 -5.3203583e-001	
  3.1700003e+001	  2.7180002e+001	  2.3240002e+001	  1.9950001e+001	  1.7040001e+001	  1.4580000e+001	  1.2350000e+001	  1.0460000e+001	  8.6800003e+000	  6.8777962e+000	  5.0755920e+000	  3.4854116e+000	  2.0012436e+000	  6.2308753e-001	 -7.5506854e-001	
  3.1700003e+001	  2.7180002e+001	  2.3240002e+001	  1.9950001e+001	  1.7040001e+001	  1.4580000e+001	  1.2350000e+001	  1.0460000e+001	  8.6800003e+000	  6.8273926e+000	  4.9747849e+000	  3.3401310e+000	  1.8144542e+000	  3.9775431e-001	 -1.0189456e+000	
  3.1700003e+001	  2.7180002e+001	  2.3240002e+001	  1.9950001e+001	  1.7040001e+001	  1.4580000e+001	  1.2350000e+001	  1.0460000e+001	  8.6800003e+000	  6.7756286e+000	  4.8712568e+000	  3.1909289e+000	  1.6226228e+000	  1.6633868e-001	 -1.2899455e+000	
  3.1700003e+001	  2.7180002e+001	  2.3240002e+001	  1.9950001e+001	  1.7040001e+001	  1.4580000e+001	  1.2350000e+001	  1.0460000e+001	  8.6800003e+000	  6.7300429e+000	  4.7800856e+000	  3.0595350e+000	  1.4536879e+000	 -3.7455797e-002	 -1.5285995e+000	
  3.1700003e+001	  2.7180002e+001	  2.3240002e+001	  1.9950001e+001	  1.7040001e+001	  1.4580000e+001	  1.2350000e+001	  1.0460000e+001	  8.6800003e+000	  6.6971073e+000	  4.7142143e+000	  2.9646029e+000	  1.3316324e+000	 -1.8469739e-001	 -1.7010272e+000	
  3.1700003e+001	  2.7180002e+001	  2.3240002e+001	  1.9950001e+001	  1.7040001e+001	  1.4580000e+001	  1.2350000e+001	  1.0460000e+001	  8.6800003e+000	  6.6691275e+000	  4.6582546e+000	  2.8839550e+000	  1.2279419e+000	 -3.0978453e-001	 -1.8475109e+000	
  3.1700003e+001	  2.7180002e+001	  2.3240002e+001	  1.9950001e+001	  1.7040001e+001	  1.4580000e+001	  1.2350000e+001	  1.0460000e+001	  8.6800003e+000	  6.6510868e+000	  4.6221733e+000	  2.8319552e+000	  1.1610850e+000	 -3.9043725e-001	 -1.9419595e+000	
  3.1700003e+001	  2.7180002e+001	  2.3240002e+001	  1.9950001e+001	  1.7040001e+001	  1.4580000e+001	  1.2350000e+001	  1.0460000e+001	  8.6800003e+000	  6.6401844e+000	  4.6003685e+000	  2.8005309e+000	  1.1206826e+000	 -4.3917656e-001	 -1.9990357e+000	
  3.1700003e+001	  2.7180002e+001	  2.3240002e+001	  1.9950001e+001	  1.7040001e+001	  1.4580000e+001	  1.2350000e+001	  1.0460000e+001	  8.6800003e+000	  6.6441450e+000	  4.6082897e+000	  2.8119469e+000	  1.1353602e+000	 -4.2147005e-001	 -1.9783003e+000	
  3.1700003e+001	  2.7180002e+001	  2.3240002e+001	  1.9950001e+001	  1.7040001e+001	  1.4580000e+001	  1.2350000e+001	  1.0460000e+001	  8.6800003e+000	  6.6667032e+000	  4.6534061e+000	  2.8769679e+000	  1.2189587e+000	 -3.2062113e-001	 -1.8602010e+000	
  3.1700003e+001	  2.7180002e+001	  2.3240002e+001	  1.9950001e+001	  1.7040001e+001	  1.4580000e+001	  1.2350000e+001	  1.0460000e+001	  8.6800003e+000	  6.6975884e+000	  4.7151766e+000	  2.9659896e+000	  1.3334152e+000	 -1.8254685e-001	 -1.6985089e+000	
  3.1700003e+001	  2.7180002e+001	  2.3240002e+001	  1.9950001e+001	  1.7040001e+001	  1.4580000e+001	  1.2350000e+001	  1.0460000e+001	  8.6800003e+000	  6.7303734e+000	  4.7807465e+000	  3.0604873e+000	  1.4549122e+000	 -3.5978913e-002	 -1.5268700e+000	
  3.1700003e+001	  2.7180002e+001	  2.3240002e+001	  1.9950001e+001	  1.7040001e+001	  1.4580000e+001	  1.2350000e+001	  1.0460000e+001	  8.6800003e+000	  6.7695417e+000	  4.8590832e+000	  3.1733844e+000	  1.6000656e+000	  1.3912678e-001	 -1.3218120e+000	
  3.1700003e+001	  2.7180002e+001	  2.3240002e+001	  1.9950001e+001	  1.7040001e+001	  1.4580000e+001	  1.2350000e+001	  1.0460000e+001	  8.6800003e+000	  6.8139238e+000	  4.9478474e+000	  3.3013091e+000	  1.7645402e+000	  3.3754051e-001	 -1.0894592e+000	
  3.1700003e+001	  2.7180002e+001	  2.3240002e+001	  1.9950001e+001	  1.7040001e+001	  1.4580000e+001	  1.2350000e+001	  1.0460000e+001	  8.6800003e+000	  6.8624349e+000	  5.0448694e+000	  3.4411354e+000	  1.9443169e+000	  5.5441403e-001	 -8.3548880e-001	
  3.1700003e+001	  2.7180002e+001	  2.3240002e+001	  1.9950001e+001	  1.7040001e+001	  1.4580000e+001	  1.2350000e+001	  1.0460000e+001	  8.6800003e+000	  6.9125752e+000	  5.1451502e+000	  3.5856576e+000	  2.1301312e+000	  7.7857101e-001	 -5.7298923e-001	
  3.1700003e+001	  2.7180002e+001	  2.3240002e+001	  1.9950001e+001	  1.7040001e+001	  1.4580000e+001	  1.2350000e+001	  1.0460000e+001	  8.6800003e+000	  6.9579692e+000	  5.2359381e+000	  3.7164989e+000	  2.2983556e+000	  9.8150826e-001	 -3.3533907e-001	
  3.1700003e+001	  2.7180002e+001	  2.3240002e+001	  1.9950001e+001	  1.7040001e+001	  1.4580000e+001	  1.2350000e+001	  1.0460000e+001	  8.6800003e+000	  6.9962111e+000	  5.3124218e+000	  3.8267250e+000	  2.4400749e+000	  1.1524713e+000	 -1.3513231e-001	
  3.1700003e+001	  2.7180002e+001	  2.3240002e+001	  1.9950001e+001	  1.7040001e+001	  1.4580000e+001	  1.2350000e+001	  1.0460000e+001	  8.6800003e+000	  7.0205879e+000	  5.3611755e+000	  3.8969879e+000	  2.5304127e+000	  1.2614502e+000	 -7.5123310e-003	
  3.1700003e+001	  2.7180002e+001	  2.3240002e+001	  1.9950001e+001	  1.7040001e+001	  1.4580000e+001	  1.2350000e+001	  1.0460000e+001	  8.6800003e+000	  7.0337029e+000	  5.3874054e+000	  3.9347901e+000	  2.5790160e+000	  1.3200829e+000	  6.1149836e-002	
  3.1700003e+001	  2.7180002e+001	  2.3240002e+001	  1.9950001e+001	  1.7040001e+001	  1.4580000e+001	  1.2350000e+001	  1.0460000e+001	  8.6800003e+000	  7.0364976e+000	  5.3929949e+000	  3.9428453e+000	  2.5893726e+000	  1.3325765e+000	  7.5780392e-002	
  3.1700003e+001	  2.7180002e+001	  2.3240002e+001	  1.9950001e+001	  1.7040001e+001	  1.4580000e+001	  1.2350000e+001	  1.0460000e+001	  8.6800003e+000	  7.0261116e+000	  5.3722229e+000	  3.9129095e+000	  2.5508838e+000	  1.2861456e+000	  2.1407366e-002	
  3.1700003e+001	  2.7180002e+001	  2.3240002e+001	  1.9950001e+001	  1.7040001e+001	  1.4580000e+001	  1.2350000e+001	  1.0460000e+001	  8.6800003e+000	  7.0039587e+000	  5.3279171e+000	  3.8490570e+000	  2.4687877e+000	  1.1871090e+000	 -9.4569683e-002	
  3.1700003e+001	  2.7180002e+001	  2.3240002e+001	  1.9950001e+001	  1.7040001e+001	  1.4580000e+001	  1.2350000e+001	  1.0460000e+001	  8.6800003e+000	  6.9759436e+000	  5.2718868e+000	  3.7683072e+000	  2.3649664e+000	  1.0618641e+000	 -2.4123812e-001	
  3.1700003e+001	  2.7180002e+001	  2.3240002e+001	  1.9950001e+001	  1.7040001e+001	  1.4580000e+001	  1.2350000e+001	  1.0460000e+001	  8.6800003e+000	  6.9438033e+000	  5.2076063e+000	  3.6756678e+000	  2.2458584e+000	  9.1817832e-001	 -4.0950179e-001	
  3.1700003e+001	  2.7180002e+001	  2.3240002e+001	  1.9950001e+001	  1.7040001e+001	  1.4580000e+001	  1.2350000e+001	  1.0460000e+001	  8.6800003e+000	  6.9079981e+000	  5.1359959e+000	  3.5724645e+000	  2.1131685e+000	  7.5810790e-001	 -5.9695268e-001	
  3.1700003e+001	  2.7180002e+001	  2.3240002e+001	  1.9950001e+001	  1.7040001e+001	  1.4580000e+001	  1.2350000e+001	  1.0460000e+001	  8.6800003e+000	  6.8605204e+000	  5.0410404e+000	  3.4356170e+000	  1.9372219e+000	  5.4585516e-001	 -8.4551156e-001	
  3.1700003e+001	  2.7180002e+001	  2.3240002e+001	  1.9950001e+001	  1.7040001e+001	  1.4580000e+001	  1.2350000e+001	  1.0460000e+001	  8.6800003e+000	  6.8133764e+000	  4.9467525e+000	  3.2997315e+000	  1.7625120e+000	  3.3509386e-001	 -1.0923243e+000	
  3.1700003e+001	  2.7180002e+001	  2.3240002e+001	  1.9950001e+001	  1.7040001e+001	  1.4580000e+001	  1.2350000e+001	  1.0460000e+001	  8.6800003e+000	  6.7726278e+000	  4.8652554e+000	  3.1822796e+000	  1.6115023e+000	  1.5292335e-001	 -1.3056556e+000	
  3.1700003e+001	  2.7180002e+001	  2.3240002e+001	  1.9950001e+001	  1.7040001e+001	  1.4580000e+001	  1.2350000e+001	  1.0460000e+001	  8.6800003e+000	  6.7369576e+000	  4.7939148e+000	  3.0794654e+000	  1.4793127e+000	 -6.5433979e-003	 -1.4923995e+000	
  3.1700003e+001	  2.7180002e+001	  2.3240002e+001	  1.9950001e+001	  1.7040001e+001	  1.4580000e+001	  1.2350000e+001	  1.0460000e+001	  8.6800003e+000	  6.7110534e+000	  4.7421064e+000	  3.0048003e+000	  1.3833146e+000	 -1.2235069e-001	 -1.6280160e+000	
  3.1700003e+001	  2.7180002e+001	  2.3240002e+001	  1.9950001e+001	  1.7040001e+001	  1.4580000e+001	  1.2350000e+001	  1.0460000e+001	  8.6800003e+000	  6.7007837e+000	  4.7215672e+000	  2.9751992e+000	  1.3452561e+000	 -1.6826248e-001	 -1.6817811e+000	
  3.1700003e+001	  2.7180002e+001	  2.3240002e+001	  1.9950001e+001	  1.7040001e+001	  1.4580000e+001	  1.2350000e+001	  1.0460000e+001	  8.6800003e+000	  6.6916895e+000	  4.7033787e+000	  2.9489868e+000	  1.3115543e+000	 -2.0891857e-001	 -1.7293915e+000	
  3.1700003e+001	  2.7180002e+001	  2.3240002e+001	  1.9950001e+001	  1.7040001e+001	  1.4580000e+001	  1.2350000e+001	  1.0460000e+001	  8.6800003e+000	  6.6864271e+000	  4.6928539e+000	  2.9338186e+000	  1.2920523e+000	 -2.3244488e-001	 -1.7569420e+000	
  3.1700003e+001	  2.7180002e+001	  2.3240002e+001	  1.9950001e+001	  1.7040001e+001	  1.4580000e+001	  1.2350000e+001	  1.0460000e+001	  8.6800003e+000	  6.7077036e+000	  4.7354069e+000	  2.9951453e+000	  1.3709012e+000	 -1.3732541e-001	 -1.6455520e+000	
  3.1700003e+001	  2.7180002e+001	  2.3240002e+001	  1.9950001e+001	  1.7040001e+001	  1.4580000e+001	  1.2350000e+001	  1.0460000e+001	  8.6800003e+000	  6.7289109e+000	  4.7778215e+000	  3.0562720e+000	  1.4494927e+000	 -4.2516708e-002	 -1.5345261e+000	
  3.1700003e+001	  2.7180002e+001	  2.3240002e+001	  1.9950001e+001	  1.7040001e+001	  1.4580000e+001	  1.2350000e+001	  1.0460000e+001	  8.6800003e+000	  6.7594042e+000	  4.8388081e+000	  3.1441646e+000	  1.5624974e+000	  9.3806505e-002	 -1.3748844e+000	
  3.1700003e+001	  2.7180002e+001	  2.3240002e+001	  1.9950001e+001	  1.7040001e+001	  1.4580000e+001	  1.2350000e+001	  1.0460000e+001	  8.6800003e+000	  6.8000178e+000	  4.9200354e+000	  3.2612274e+000	  1.7130066e+000	  2.7537310e-001	 -1.1622604e+000	
  3.1700003e+001	  2.7180002e+001	  2.3240002e+001	  1.9950001e+001	  1.7040001e+001	  1.4580000e+001	  1.2350000e+001	  1.0460000e+001	  8.6800003e+000	  6.8387480e+000	  4.9974957e+000	  3.3728611e+000	  1.8565357e+000	  4.4851923e-001	 -9.5949721e-001	
  3.1700003e+001	  2.7180002e+001	  2.3240002e+001	  1.9950001e+001	  1.7040001e+001	  1.4580000e+001	  1.2350000e+001	  1.0460000e+001	  8.6800003e+000	  6.8787804e+000	  5.0775604e+000	  3.4882488e+000	  2.0048914e+000	  6.2748814e-001	 -7.4991512e-001	
  3.1700003e+001	  2.7180002e+001	  2.3240002e+001	  1.9950001e+001	  1.7040001e+001	  1.4580000e+001	  1.2350000e+001	  1.0460000e+001	  8.6800003e+000	  6.9115696e+000	  5.1431389e+000	  3.5827589e+000	  2.1264043e+000	  7.7407503e-001	 -5.7825422e-001	
  3.1700003e+001	  2.7180002e+001	  2.3240002e+001	  1.9950001e+001	  1.7040001e+001	  1.4580000e+001	  1.2350000e+001	  1.0460000e+001	  8.6800003e+000	  6.9537520e+000	  5.2275038e+000	  3.7043433e+000	  2.2827272e+000	  9.6265507e-001	 -3.5741711e-001	
  3.1700003e+001	  2.7180002e+001	  2.3240002e+001	  1.9950001e+001	  1.7040001e+001	  1.4580000e+001	  1.2350000e+001	  1.0460000e+001	  8.6800003e+000	  6.9783769e+000	  5.2767534e+000	  3.7753210e+000	  2.3739839e+000	  1.0727423e+000	 -2.2849917e-001	
  3.1700003e+001	  2.7180002e+001	  2.3240002e+001	  1.9950001e+001	  1.7040001e+001	  1.4580000e+001	  1.2350000e+001	  1.0460000e+001	  8.6800003e+000	  6.9976764e+000	  5.3153524e+000	  3.8309488e+000	  2.4455056e+000	  1.1590226e+000	 -1.2746048e-001	
  3.1700003e+001	  2.7180002e+001	  2.3240002e+001	  1.9950001e+001	  1.7040001e+001	  1.4580000e+001	  1.2350000e+001	  1.0460000e+001	  8.6800003e+000	  7.0067191e+000	  5.3334379e+000	  3.8570132e+000	  2.4790168e+000	  1.1994488e+000	 -8.0119133e-002	
  3.1700003e+001	  2.7180002e+001	  2.3240002e+001	  1.9950001e+001	  1.7040001e+001	  1.4580000e+001	  1.2350000e+001	  1.0460000e+001	  8.6800003e+000	  7.0071983e+000	  5.3343964e+000	  3.8583946e+000	  2.4807930e+000	  1.2015915e+000	 -7.7610016e-002	
  3.1700003e+001	  2.7180002e+001	  2.3240002e+001	  1.9950001e+001	  1.7040001e+001	  1.4580000e+001	  1.2350000e+001	  1.0460000e+001	  8.6800003e+000	  7.0007572e+000	  5.3215141e+000	  3.8398290e+000	  2.4569228e+000	  1.1727957e+000	 -1.1133146e-001	
  3.1700003e+001	  2.7180002e+001	  2.3240002e+001	  1.9950001e+001	  1.7040001e+001	  1.4580000e+001	  1.2350000e+001	  1.0460000e+001	  8.6800003e+000	  6.9645834e+000	  5.2491665e+000	  3.7355633e+000	  2.3228672e+000	  1.0110779e+000	 -3.0071139e-001	
  3.1700003e+001	  2.7180002e+001	  2.3240002e+001	  1.9950001e+001	  1.7040001e+001	  1.4580000e+001	  1.2350000e+001	  1.0460000e+001	  8.6800003e+000	  6.9363170e+000	  5.1926336e+000	  3.6540895e+000	  2.2181149e+000	  8.8470995e-001	 -4.4869494e-001	
  3.1700003e+001	  2.7180002e+001	  2.3240002e+001	  1.9950001e+001	  1.7040001e+001	  1.4580000e+001	  1.2350000e+001	  1.0460000e+001	  8.6800003e+000	  6.8977199e+000	  5.1154394e+000	  3.5428391e+000	  2.0750787e+000	  7.1215844e-001	 -6.5076184e-001	
  3.1700003e+001	  2.7180002e+001	  2.3240002e+001	  1.9950001e+001	  1.7040001e+001	  1.4580000e+001	  1.2350000e+001	  1.0460000e+001	  8.6800003e+000	  6.8574119e+000	  5.0348234e+000	  3.4266570e+000	  1.9257016e+000	  5.3195751e-001	 -8.6178660e-001	
  3.1700003e+001	  2.7180002e+001	  2.3240002e+001	  1.9950001e+001	  1.7040001e+001	  1.4580000e+001	  1.2350000e+001	  1.0460000e+001	  8.6800003e+000	  6.8181915e+000	  4.9563828e+000	  3.3136101e+000	  1.7803556e+000	  3.5661936e-001	 -1.0671169e+000	
  3.1700003e+001	  2.7180002e+001	  2.3240002e+001	  1.9950001e+001	  1.7040001e+001	  1.4580000e+001	  1.2350000e+001	  1.0460000e+001	  8.6800003e+000	  6.7777185e+000	  4.8754368e+000	  3.1969528e+000	  1.6303680e+000	  1.7568207e-001	 -1.2790039e+000	
  3.1700003e+001	  2.7180002e+001	  2.3240002e+001	  1.9950001e+001	  1.7040001e+001	  1.4580000e+001	  1.2350000e+001	  1.0460000e+001	  8.6800003e+000	  6.7336645e+000	  4.7873287e+000	  3.0699737e+000	  1.4671091e+000	 -2.1265149e-002	 -1.5096394e+000	
  3.1700003e+001	  2.7180002e+001	  2.3240002e+001	  1.9950001e+001	  1.7040001e+001	  1.4580000e+001	  1.2350000e+001	  1.0460000e+001	  8.6800003e+000	  6.7026896e+000	  4.7253790e+000	  2.9806931e+000	  1.3523196e+000	 -1.5974140e-001	 -1.6718024e+000	
  3.1700003e+001	  2.7180002e+001	  2.3240002e+001	  1.9950001e+001	  1.7040001e+001	  1.4580000e+001	  1.2350000e+001	  1.0460000e+001	  8.6800003e+000	  6.6798019e+000	  4.6796036e+000	  2.9147224e+000	  1.2675003e+000	 -2.6206315e-001	 -1.7916266e+000	
  3.1700003e+001	  2.7180002e+001	  2.3240002e+001	  1.9950001e+001	  1.7040001e+001	  1.4580000e+001	  1.2350000e+001	  1.0460000e+001	  8.6800003e+000	  6.6600327e+000	  4.6400652e+000	  2.8577409e+000	  1.1942382e+000	 -3.5044289e-001	 -1.8951240e+000	
  3.1700003e+001	  2.7180002e+001	  2.3240002e+001	  1.9950001e+001	  1.7040001e+001	  1.4580000e+001	  1.2350000e+001	  1.0460000e+001	  8.6800003e+000	  6.6621633e+000	  4.6443262e+000	  2.8638818e+000	  1.2021338e+000	 -3.4091794e-001	 -1.8839697e+000	
  3.1700003e+001	  2.7180002e+001	  2.3240002e+001	  1.9950001e+001	  1.7040001e+001	  1.4580000e+001	  1.2350000e+001	  1.0460000e+001	  8.6800003e+000	  6.6658840e+000	  4.6517677e+000	  2.8746061e+000	  1.2159220e+000	 -3.2428467e-001	 -1.8644913e+000	
  3.1700003e+001	  2.7180002e+001	  2.3240002e+001	  1.9950001e+001	  1.7040001e+001	  1.4580000e+001	  1.2350000e+001	  1.0460000e+001	  8.6800003e+000	  6.6834249e+000	  4.6868496e+000	  2.9251657e+000	  1.2809273e+000	 -2.4586535e-001	 -1.7726580e+000	
  3.1700003e+001	  2.7180002e+001	  2.3240002e+001	  1.9950001e+001	  1.7040001e+001	  1.4580000e+001	  1.2350000e+001	  1.0460000e+001	  8.6800003e+000	  6.7061400e+000	  4.7322798e+000	  2.9906383e+000	  1.3651062e+000	 -1.4431632e-001	 -1.6537389e+000	
  3.1700003e+001	  2.7180002e+001	  2.3240002e+001	  1.9950001e+001	  1.7040001e+001	  1.4580000e+001	  1.2350000e+001	  1.0460000e+001	  8.6800003e+000	  6.7439499e+000	  4.8078995e+000	  3.0996194e+000	  1.5052248e+000	  2.4715662e-002	 -1.4557935e+000	
  3.1700003e+001	  2.7180002e+001	  2.3240002e+001	  1.9950001e+001	  1.7040001e+001	  1.4580000e+001	  1.2350000e+001	  1.0460000e+001	  8.6800003e+000	  6.7799063e+000	  4.8798122e+000	  3.2032588e+000	  1.6384755e+000	  1.8546259e-001	 -1.2675503e+000	
  3.1700003e+001	  2.7180002e+001	  2.3240002e+001	  1.9950001e+001	  1.7040001e+001	  1.4580000e+001	  1.2350000e+001	  1.0460000e+001	  8.6800003e+000	  6.8285503e+000	  4.9771004e+000	  3.3434680e+000	  1.8187444e+000	  4.0292978e-001	 -1.0128849e+000	
  3.1700003e+001	  2.7180002e+001	  2.3240002e+001	  1.9950001e+001	  1.7040001e+001	  1.4580000e+001	  1.2350000e+001	  1.0460000e+001	  8.6800003e+000	  6.8777957e+000	  5.0755911e+000	  3.4854105e+000	  2.0012419e+000	  6.2308550e-001	 -7.5507092e-001	
  3.1700003e+001	  2.7180002e+001	  2.3240002e+001	  1.9950001e+001	  1.7040001e+001	  1.4580000e+001	  1.2350000e+001	  1.0460000e+001	  8.6800003e+000	  6.9093795e+000	  5.1387587e+000	  3.5764461e+000	  2.1182878e+000	  7.6428378e-001	 -5.8972025e-001	
  3.1700003e+001	  2.7180002e+001	  2.3240002e+001	  1.9950001e+001	  1.7040001e+001	  1.4580000e+001	  1.2350000e+001	  1.0460000e+001	  8.6800003e+000	  6.9495211e+000	  5.2190418e+000	  3.6921484e+000	  2.2670479e+000	  9.4374037e-001	 -3.7956715e-001	
  3.1700003e+001	  2.7180002e+001	  2.3240002e+001	  1.9950001e+001	  1.7040001e+001	  1.4580000e+001	  1.2350000e+001	  1.0460000e+001	  8.6800003e+000	  6.9871497e+000	  5.2942991e+000	  3.8006072e+000	  2.4064951e+000	  1.1119623e+000	 -1.8257046e-001	
