  2.9450510e+001	  2.7180002e+001	  2.3240002e+001	  1.9950001e+001	  1.7040001e+001	  1.4580000e+001	  1.2350000e+001	  1.0460000e+001	  8.6800003e+000	  6.7467203e+000	  4.8134403e+000	  3.1076050e+000	  1.5154922e+000	  3.7101746e-002	 -1.4412887e+000	
  2.9450510e+001	  2.7180002e+001	  2.3240002e+001	  1.9950001e+001	  1.7040001e+001	  1.4580000e+001	  1.2350000e+001	  1.0460000e+001	  8.6800003e+000	  6.6989908e+000	  4.7179813e+000	  2.9700317e+000	  1.3386120e+000	 -1.7627776e-001	 -1.6911675e+000	
  2.9450510e+001	  2.7180002e+001	  2.3240002e+001	  1.9950001e+001	  1.7040001e+001	  1.4580000e+001	  1.2350000e+001	  1.0460000e+001	  8.6800003e+000	  6.6649055e+000	  4.6498108e+000	  2.8717861e+000	  1.2122965e+000	 -3.2865810e-001	 -1.8696127e+000	
  2.9450510e+001	  2.7180002e+001	  2.3240002e+001	  1.9950001e+001	  1.7040001e+001	  1.4580000e+001	  1.2350000e+001	  1.0460000e+001	  8.6800003e+000	  6.6446509e+000	  4.6093016e+000	  2.8134050e+000	  1.1372349e+000	 -4.1920877e-001	 -1.9756525e+000	
  2.9450510e+001	  2.7180002e+001	  2.3240002e+001	  1.9950001e+001	  1.7040001e+001	  1.4580000e+001	  1.2350000e+001	  1.0460000e+001	  8.6800003e+000	  6.6302404e+000	  4.5804806e+000	  2.7718692e+000	  1.0838319e+000	 -4.8363125e-001	 -2.0510945e+000	
  2.9450510e+001	  2.7180002e+001	  2.3240002e+001	  1.9950001e+001	  1.7040001e+001	  1.4580000e+001	  1.2350000e+001	  1.0460000e+001	  8.6800003e+000	  6.6335335e+000	  4.5870667e+000	  2.7813606e+000	  1.0960351e+000	 -4.6890986e-001	 -2.0338550e+000	
  2.9450510e+001	  2.7180002e+001	  2.3240002e+001	  1.9950001e+001	  1.7040001e+001	  1.4580000e+001	  1.2350000e+001	  1.0460000e+001	  8.6800003e+000	  6.6534014e+000	  4.6268024e+000	  2.8386269e+000	  1.1696631e+000	 -3.8008904e-001	 -1.9298412e+000	
  2.9450510e+001	  2.7180002e+001	  2.3240002e+001	  1.9950001e+001	  1.7040001e+001	  1.4580000e+001	  1.2350000e+001	  1.0460000e+001	  8.6800003e+000	  6.6889768e+000	  4.6979532e+000	  2.9411676e+000	  1.3015010e+000	 -2.2104633e-001	 -1.7435937e+000	
  2.9450510e+001	  2.7180002e+001	  2.3240002e+001	  1.9950001e+001	  1.7040001e+001	  1.4580000e+001	  1.2350000e+001	  1.0460000e+001	  8.6800003e+000	  6.7207284e+000	  4.7614565e+000	  3.0326872e+000	  1.4191691e+000	 -7.9097629e-002	 -1.5773643e+000	
  2.9450510e+001	  2.7180002e+001	  2.3240002e+001	  1.9950001e+001	  1.7040001e+001	  1.4580000e+001	  1.2350000e+001	  1.0460000e+001	  8.6800003e+000	  6.7660770e+000	  4.8521538e+000	  3.1633980e+000	  1.5872260e+000	  1.2363780e-001	 -1.3399504e+000	
  2.9450510e+001	  2.7180002e+001	  2.3240002e+001	  1.9950001e+001	  1.7040001e+001	  1.4580000e+001	  1.2350000e+001	  1.0460000e+001	  8.6800003e+000	  6.8309426e+000	  4.9818850e+000	  3.3503633e+000	  1.8276099e+000	  4.1362464e-001	 -1.0003606e+000	
  2.9450510e+001	  2.7180002e+001	  2.3240002e+001	  1.9950001e+001	  1.7040001e+001	  1.4580000e+001	  1.2350000e+001	  1.0460000e+001	  8.6800003e+000	  6.8919840e+000	  5.1039677e+000	  3.5263062e+000	  2.0538223e+000	  6.8651581e-001	 -6.8079066e-001	
  2.9450510e+001	  2.7180002e+001	  2.3240002e+001	  1.9950001e+001	  1.7040001e+001	  1.4580000e+001	  1.2350000e+001	  1.0460000e+001	  8.6800003e+000	  6.9376316e+000	  5.1952629e+000	  3.6578789e+000	  2.2229872e+000	  8.9058781e-001	 -4.4181156e-001	
  2.9450510e+001	  2.7180002e+001	  2.3240002e+001	  1.9950001e+001	  1.7040001e+001	  1.4580000e+001	  1.2350000e+001	  1.0460000e+001	  8.6800003e+000	  6.9789286e+000	  5.2778568e+000	  3.7769113e+000	  2.3760288e+000	  1.0752094e+000	 -2.2561002e-001	
  2.9450510e+001	  2.7180002e+001	  2.3240002e+001	  1.9950001e+001	  1.7040001e+001	  1.4580000e+001	  1.2350000e+001	  1.0460000e+001	  8.6800003e+000	  7.0200181e+000	  5.3600359e+000	  3.8953457e+000	  2.5283017e+000	  1.2589036e+000	 -1.0494471e-002	
  2.9450510e+001	  2.7180002e+001	  2.3240002e+001	  1.9950001e+001	  1.7040001e+001	  1.4580000e+001	  1.2350000e+001	  1.0460000e+001	  8.6800003e+000	  7.0580630e+000	  5.4361258e+000	  4.0050044e+000	  2.6692915e+000	  1.4289865e+000	  1.8868160e-001	
  2.9450510e+001	  2.7180002e+001	  2.3240002e+001	  1.9950001e+001	  1.7040001e+001	  1.4580000e+001	  1.2350000e+001	  1.0460000e+001	  8.6800003e+000	  7.0729795e+000	  5.4659586e+000	  4.0479989e+000	  2.7245698e+000	  1.4956715e+000	  2.6677322e-001	
  2.9450510e+001	  2.7180002e+001	  2.3240002e+001	  1.9950001e+001	  1.7040001e+001	  1.4580000e+001	  1.2350000e+001	  1.0460000e+001	  8.6800003e+000	  7.0718961e+000	  5.4637918e+000	  4.0448761e+000	  2.7205548e+000	  1.4908280e+000	  2.6110125e-001	
  2.9450510e+001	  2.7180002e+001	  2.3240002e+001	  1.9950001e+001	  1.7040001e+001	  1.4580000e+001	  1.2350000e+001	  1.0460000e+001	  8.6800003e+000	  7.0533800e+000	  5.4267597e+000	  3.9915066e+000	  2.6519370e+000	  1.4080511e+000	  1.6416526e-001	
  2.9450510e+001	  2.7180002e+001	  2.3240002e+001	  1.9950001e+001	  1.7040001e+001	  1.4580000e+001	  1.2350000e+001	  1.0460000e+001	  8.6800003e+000	  7.0249381e+000	  5.3698759e+000	  3.9095268e+000	  2.5465345e+000	  1.2808988e+000	  1.5263081e-002	
  2.9450510e+001	  2.7180002e+001	  2.3240002e+001	  1.9950001e+001	  1.7040001e+001	  1.4580000e+001	  1.2350000e+001	  1.0460000e+001	  8.6800003e+000	  6.9891605e+000	  5.2983208e+000	  3.8064034e+000	  2.4139471e+000	  1.1209521e+000	 -1.7204285e-001	
  2.9450510e+001	  2.7180002e+001	  2.3240002e+001	  1.9950001e+001	  1.7040001e+001	  1.4580000e+001	  1.2350000e+001	  1.0460000e+001	  8.6800003e+000	  6.9456563e+000	  5.2113123e+000	  3.6810088e+000	  2.2527256e+000	  9.2646277e-001	 -3.9980006e-001	
  2.9450510e+001	  2.7180002e+001	  2.3240002e+001	  1.9950001e+001	  1.7040001e+001	  1.4580000e+001	  1.2350000e+001	  1.0460000e+001	  8.6800003e+000	  6.8870492e+000	  5.0940981e+000	  3.5120821e+000	  2.0355339e+000	  6.6445363e-001	 -7.0662665e-001	
  2.9450510e+001	  2.7180002e+001	  2.3240002e+001	  1.9950001e+001	  1.7040001e+001	  1.4580000e+001	  1.2350000e+001	  1.0460000e+001	  8.6800003e+000	  6.8216476e+000	  4.9632950e+000	  3.3235722e+000	  1.7931643e+000	  3.7207127e-001	 -1.0490217e+000	
  2.9450510e+001	  2.7180002e+001	  2.3240002e+001	  1.9950001e+001	  1.7040001e+001	  1.4580000e+001	  1.2350000e+001	  1.0460000e+001	  8.6800003e+000	  6.7741480e+000	  4.8682957e+000	  3.1866612e+000	  1.6171359e+000	  1.5971947e-001	 -1.2976969e+000	
  2.9450510e+001	  2.7180002e+001	  2.3240002e+001	  1.9950001e+001	  1.7040001e+001	  1.4580000e+001	  1.2350000e+001	  1.0460000e+001	  8.6800003e+000	  6.7272253e+000	  4.7744503e+000	  3.0514135e+000	  1.4432459e+000	 -5.0052643e-002	 -1.5433512e+000	
  2.9450510e+001	  2.7180002e+001	  2.3240002e+001	  1.9950001e+001	  1.7040001e+001	  1.4580000e+001	  1.2350000e+001	  1.0460000e+001	  8.6800003e+000	  6.6725931e+000	  4.6651859e+000	  2.8939443e+000	  1.2407855e+000	 -2.9429054e-001	 -1.8293666e+000	
  2.9450510e+001	  2.7180002e+001	  2.3240002e+001	  1.9950001e+001	  1.7040001e+001	  1.4580000e+001	  1.2350000e+001	  1.0460000e+001	  8.6800003e+000	  6.6464391e+000	  4.6128778e+000	  2.8185592e+000	  1.1438617e+000	 -4.1121447e-001	 -1.9662906e+000	
  2.9450510e+001	  2.7180002e+001	  2.3240002e+001	  1.9950001e+001	  1.7040001e+001	  1.4580000e+001	  1.2350000e+001	  1.0460000e+001	  8.6800003e+000	  6.6304302e+000	  4.5808601e+000	  2.7724156e+000	  1.0845343e+000	 -4.8278403e-001	 -2.0501022e+000	
  2.9450510e+001	  2.7180002e+001	  2.3240002e+001	  1.9950001e+001	  1.7040001e+001	  1.4580000e+001	  1.2350000e+001	  1.0460000e+001	  8.6800003e+000	  6.6195374e+000	  4.5590744e+000	  2.7410190e+000	  1.0441674e+000	 -5.3148055e-001	 -2.1071286e+000	
  2.9450510e+001	  2.7180002e+001	  2.3240002e+001	  1.9950001e+001	  1.7040001e+001	  1.4580000e+001	  1.2350000e+001	  1.0460000e+001	  8.6800003e+000	  6.6280427e+000	  4.5760851e+000	  2.7655342e+000	  1.0756867e+000	 -4.9345732e-001	 -2.0626013e+000	
  2.9450510e+001	  2.7180002e+001	  2.3240002e+001	  1.9950001e+001	  1.7040001e+001	  1.4580000e+001	  1.2350000e+001	  1.0460000e+001	  8.6800003e+000	  6.6464763e+000	  4.6129522e+000	  2.8186665e+000	  1.1439997e+000	 -4.1104794e-001	 -1.9660956e+000	
  2.9450510e+001	  2.7180002e+001	  2.3240002e+001	  1.9950001e+001	  1.7040001e+001	  1.4580000e+001	  1.2350000e+001	  1.0460000e+001	  8.6800003e+000	  6.6838975e+000	  4.6877947e+000	  2.9265275e+000	  1.2826781e+000	 -2.4375343e-001	 -1.7701850e+000	
  2.9450510e+001	  2.7180002e+001	  2.3240002e+001	  1.9950001e+001	  1.7040001e+001	  1.4580000e+001	  1.2350000e+001	  1.0460000e+001	  8.6800003e+000	  6.7386827e+000	  4.7973652e+000	  3.0844378e+000	  1.4857057e+000	  1.1688471e-003	 -1.4833680e+000	
  2.9450510e+001	  2.7180002e+001	  2.3240002e+001	  1.9950001e+001	  1.7040001e+001	  1.4580000e+001	  1.2350000e+001	  1.0460000e+001	  8.6800003e+000	  6.7837081e+000	  4.8874159e+000	  3.2142167e+000	  1.6525643e+000	  2.0245850e-001	 -1.2476473e+000	
  2.9450510e+001	  2.7180002e+001	  2.3240002e+001	  1.9950001e+001	  1.7040001e+001	  1.4580000e+001	  1.2350000e+001	  1.0460000e+001	  8.6800003e+000	  6.8249645e+000	  4.9699287e+000	  3.3331327e+000	  1.8054564e+000	  3.8689983e-001	 -1.0316567e+000	
  2.9450510e+001	  2.7180002e+001	  2.3240002e+001	  1.9950001e+001	  1.7040001e+001	  1.4580000e+001	  1.2350000e+001	  1.0460000e+001	  8.6800003e+000	  6.8998976e+000	  5.1197948e+000	  3.5491159e+000	  2.0831490e+000	  7.2189403e-001	 -6.3936090e-001	
  2.9450510e+001	  2.7180002e+001	  2.3240002e+001	  1.9950001e+001	  1.7040001e+001	  1.4580000e+001	  1.2350000e+001	  1.0460000e+001	  8.6800003e+000	  6.9604721e+000	  5.2409439e+000	  3.7237129e+000	  2.3076305e+000	  9.9269712e-001	 -3.2223630e-001	
  2.9450510e+001	  2.7180002e+001	  2.3240002e+001	  1.9950001e+001	  1.7040001e+001	  1.4580000e+001	  1.2350000e+001	  1.0460000e+001	  8.6800003e+000	  6.9972768e+000	  5.3145533e+000	  3.8297970e+000	  2.4440246e+000	  1.1572359e+000	 -1.2955284e-001	
  2.9450510e+001	  2.7180002e+001	  2.3240002e+001	  1.9950001e+001	  1.7040001e+001	  1.4580000e+001	  1.2350000e+001	  1.0460000e+001	  8.6800003e+000	  7.0259900e+000	  5.3719797e+000	  3.9125586e+000	  2.5504322e+000	  1.2856008e+000	  2.0769358e-002	
  2.9450510e+001	  2.7180002e+001	  2.3240002e+001	  1.9950001e+001	  1.7040001e+001	  1.4580000e+001	  1.2350000e+001	  1.0460000e+001	  8.6800003e+000	  7.0522237e+000	  5.4244471e+000	  3.9881735e+000	  2.6476517e+000	  1.4028814e+000	  1.5811110e-001	
  2.9450510e+001	  2.7180002e+001	  2.3240002e+001	  1.9950001e+001	  1.7040001e+001	  1.4580000e+001	  1.2350000e+001	  1.0460000e+001	  8.6800003e+000	  7.0607834e+000	  5.4415665e+000	  4.0128460e+000	  2.6793733e+000	  1.4411488e+000	  2.0292425e-001	
  2.9450510e+001	  2.7180002e+001	  2.3240002e+001	  1.9950001e+001	  1.7040001e+001	  1.4580000e+001	  1.2350000e+001	  1.0460000e+001	  8.6800003e+000	  7.0618253e+000	  5.4436502e+000	  4.0158491e+000	  2.6832345e+000	  1.4458066e+000	  2.0837879e-001	
  2.9450510e+001	  2.7180002e+001	  2.3240002e+001	  1.9950001e+001	  1.7040001e+001	  1.4580000e+001	  1.2350000e+001	  1.0460000e+001	  8.6800003e+000	  7.0427122e+000	  5.4054241e+000	  3.9607582e+000	  2.6124034e+000	  1.3603598e+000	  1.0831618e-001	
  2.9450510e+001	  2.7180002e+001	  2.3240002e+001	  1.9950001e+001	  1.7040001e+001	  1.4580000e+001	  1.2350000e+001	  1.0460000e+001	  8.6800003e+000	  7.0038137e+000	  5.3276272e+000	  3.8486390e+000	  2.4682503e+000	  1.1864606e+000	 -9.5329046e-002	
  2.9450510e+001	  2.7180002e+001	  2.3240002e+001	  1.9950001e+001	  1.7040001e+001	  1.4580000e+001	  1.2350000e+001	  1.0460000e+001	  8.6800003e+000	  6.9590831e+000	  5.2381659e+000	  3.7197094e+000	  2.3024836e+000	  9.8648810e-001	 -3.2950735e-001	
  2.9450510e+001	  2.7180002e+001	  2.3240002e+001	  1.9950001e+001	  1.7040001e+001	  1.4580000e+001	  1.2350000e+001	  1.0460000e+001	  8.6800003e+000	  6.9143810e+000	  5.1487617e+000	  3.5908623e+000	  2.1368229e+000	  7.8664362e-001	 -5.6353569e-001	
  2.9450510e+001	  2.7180002e+001	  2.3240002e+001	  1.9950001e+001	  1.7040001e+001	  1.4580000e+001	  1.2350000e+001	  1.0460000e+001	  8.6800003e+000	  6.8624430e+000	  5.0448856e+000	  3.4411588e+000	  1.9443469e+000	  5.5445027e-001	 -8.3544636e-001	
  2.9450510e+001	  2.7180002e+001	  2.3240002e+001	  1.9950001e+001	  1.7040001e+001	  1.4580000e+001	  1.2350000e+001	  1.0460000e+001	  8.6800003e+000	  6.7959566e+000	  4.9119129e+000	  3.2495215e+000	  1.6979562e+000	  2.5721705e-001	 -1.1835221e+000	
  2.9450510e+001	  2.7180002e+001	  2.3240002e+001	  1.9950001e+001	  1.7040001e+001	  1.4580000e+001	  1.2350000e+001	  1.0460000e+001	  8.6800003e+000	  6.7401609e+000	  4.8003216e+000	  3.0886989e+000	  1.4911844e+000	  7.7780485e-003	 -1.4756283e+000	
  2.9450510e+001	  2.7180002e+001	  2.3240002e+001	  1.9950001e+001	  1.7040001e+001	  1.4580000e+001	  1.2350000e+001	  1.0460000e+001	  8.6800003e+000	  6.7010283e+000	  4.7220564e+000	  2.9759045e+000	  1.3461628e+000	 -1.6716874e-001	 -1.6805003e+000	
  2.9450510e+001	  2.7180002e+001	  2.3240002e+001	  1.9950001e+001	  1.7040001e+001	  1.4580000e+001	  1.2350000e+001	  1.0460000e+001	  8.6800003e+000	  6.6626625e+000	  4.6453247e+000	  2.8653204e+000	  1.2039832e+000	 -3.3868706e-001	 -1.8813573e+000	
  2.9450510e+001	  2.7180002e+001	  2.3240002e+001	  1.9950001e+001	  1.7040001e+001	  1.4580000e+001	  1.2350000e+001	  1.0460000e+001	  8.6800003e+000	  6.6331248e+000	  4.5862494e+000	  2.7801828e+000	  1.0945208e+000	 -4.7073674e-001	 -2.0359943e+000	
  2.9450510e+001	  2.7180002e+001	  2.3240002e+001	  1.9950001e+001	  1.7040001e+001	  1.4580000e+001	  1.2350000e+001	  1.0460000e+001	  8.6800003e+000	  6.6201468e+000	  4.5602932e+000	  2.7427754e+000	  1.0464256e+000	 -5.2875638e-001	 -2.1039383e+000	
  2.9450510e+001	  2.7180002e+001	  2.3240002e+001	  1.9950001e+001	  1.7040001e+001	  1.4580000e+001	  1.2350000e+001	  1.0460000e+001	  8.6800003e+000	  6.6246605e+000	  4.5693207e+000	  2.7557857e+000	  1.0631531e+000	 -5.0857711e-001	 -2.0803075e+000	
  2.9450510e+001	  2.7180002e+001	  2.3240002e+001	  1.9950001e+001	  1.7040001e+001	  1.4580000e+001	  1.2350000e+001	  1.0460000e+001	  8.6800003e+000	  6.6445146e+000	  4.6090288e+000	  2.8130119e+000	  1.1367295e+000	 -4.1981840e-001	 -1.9763663e+000	
  2.9450510e+001	  2.7180002e+001	  2.3240002e+001	  1.9950001e+001	  1.7040001e+001	  1.4580000e+001	  1.2350000e+001	  1.0460000e+001	  8.6800003e+000	  6.6746755e+000	  4.6693506e+000	  2.8999462e+000	  1.2485023e+000	 -2.8498137e-001	 -1.8184650e+000	
  2.9450510e+001	  2.7180002e+001	  2.3240002e+001	  1.9950001e+001	  1.7040001e+001	  1.4580000e+001	  1.2350000e+001	  1.0460000e+001	  8.6800003e+000	  6.7066216e+000	  4.7332430e+000	  2.9920263e+000	  1.3668909e+000	 -1.4216340e-001	 -1.6512177e+000	
  2.9450510e+001	  2.7180002e+001	  2.3240002e+001	  1.9950001e+001	  1.7040001e+001	  1.4580000e+001	  1.2350000e+001	  1.0460000e+001	  8.6800003e+000	  6.7650967e+000	  4.8501930e+000	  3.1605721e+000	  1.5835924e+000	  1.1925423e-001	 -1.3450840e+000	
  2.9450510e+001	  2.7180002e+001	  2.3240002e+001	  1.9950001e+001	  1.7040001e+001	  1.4580000e+001	  1.2350000e+001	  1.0460000e+001	  8.6800003e+000	  6.8295503e+000	  4.9791002e+000	  3.3463502e+000	  1.8224503e+000	  4.0740037e-001	 -1.0076495e+000	
  2.9450510e+001	  2.7180002e+001	  2.3240002e+001	  1.9950001e+001	  1.7040001e+001	  1.4580000e+001	  1.2350000e+001	  1.0460000e+001	  8.6800003e+000	  6.8791637e+000	  5.0783272e+000	  3.4893537e+000	  2.0063117e+000	  6.2920129e-001	 -7.4790907e-001	
  2.9450510e+001	  2.7180002e+001	  2.3240002e+001	  1.9950001e+001	  1.7040001e+001	  1.4580000e+001	  1.2350000e+001	  1.0460000e+001	  8.6800003e+000	  6.9297495e+000	  5.1794987e+000	  3.6351595e+000	  2.1937761e+000	  8.5534894e-001	 -4.8307824e-001	
  2.9450510e+001	  2.7180002e+001	  2.3240002e+001	  1.9950001e+001	  1.7040001e+001	  1.4580000e+001	  1.2350000e+001	  1.0460000e+001	  8.6800003e+000	  6.9826446e+000	  5.2852888e+000	  3.7876220e+000	  2.3897996e+000	  1.0918217e+000	 -2.0615625e-001	
  2.9450510e+001	  2.7180002e+001	  2.3240002e+001	  1.9950001e+001	  1.7040001e+001	  1.4580000e+001	  1.2350000e+001	  1.0460000e+001	  8.6800003e+000	  7.0289621e+000	  5.3779240e+000	  3.9211254e+000	  2.5614469e+000	  1.2988883e+000	  3.6329746e-002	
  2.9450510e+001	  2.7180002e+001	  2.3240002e+001	  1.9950001e+001	  1.7040001e+001	  1.4580000e+001	  1.2350000e+001	  1.0460000e+001	  8.6800003e+000	  7.0631599e+000	  5.4463196e+000	  4.0196958e+000	  2.6881802e+000	  1.4517729e+000	  2.1536565e-001	
  2.9450510e+001	  2.7180002e+001	  2.3240002e+001	  1.9950001e+001	  1.7040001e+001	  1.4580000e+001	  1.2350000e+001	  1.0460000e+001	  8.6800003e+000	  7.0802908e+000	  5.4805813e+000	  4.0690727e+000	  2.7516649e+000	  1.5283576e+000	  3.0505037e-001	
  2.9450510e+001	  2.7180002e+001	  2.3240002e+001	  1.9950001e+001	  1.7040001e+001	  1.4580000e+001	  1.2350000e+001	  1.0460000e+001	  8.6800003e+000	  7.0708175e+000	  5.4616346e+000	  4.0417671e+000	  2.7165575e+000	  1.4860059e+000	  2.5545430e-001	
  2.9450510e+001	  2.7180002e+001	  2.3240002e+001	  1.9950001e+001	  1.7040001e+001	  1.4580000e+001	  1.2350000e+001	  1.0460000e+001	  8.6800003e+000	  7.0566945e+000	  5.4333887e+000	  4.0010600e+000	  2.6642199e+000	  1.4228684e+000	  1.8151689e-001	
  2.9450510e+001	  2.7180002e+001	  2.3240002e+001	  1.9950001e+001	  1.7040001e+001	  1.4580000e+001	  1.2350000e+001	  1.0460000e+001	  8.6800003e+000	  7.0313663e+000	  5.3827324e+000	  3.9280553e+000	  2.5703568e+000	  1.3096368e+000	  4.8916817e-002	
  2.9450510e+001	  2.7180002e+001	  2.3240002e+001	  1.9950001e+001	  1.7040001e+001	  1.4580000e+001	  1.2350000e+001	  1.0460000e+001	  8.6800003e+000	  6.9955778e+000	  5.3111553e+000	  3.8249002e+000	  2.4377289e+000	  1.1496412e+000	 -1.3844657e-001	
  2.9450510e+001	  2.7180002e+001	  2.3240002e+001	  1.9950001e+001	  1.7040001e+001	  1.4580000e+001	  1.2350000e+001	  1.0460000e+001	  8.6800003e+000	  6.9437404e+000	  5.2074804e+000	  3.6754861e+000	  2.2456250e+000	  9.1789687e-001	 -4.0983129e-001	
  2.9450510e+001	  2.7180002e+001	  2.3240002e+001	  1.9950001e+001	  1.7040001e+001	  1.4580000e+001	  1.2350000e+001	  1.0460000e+001	  8.6800003e+000	  6.8806367e+000	  5.0812731e+000	  3.4935994e+000	  2.0117707e+000	  6.3578689e-001	 -7.4019694e-001	
  2.9450510e+001	  2.7180002e+001	  2.3240002e+001	  1.9950001e+001	  1.7040001e+001	  1.4580000e+001	  1.2350000e+001	  1.0460000e+001	  8.6800003e+000	  6.8252702e+000	  4.9705400e+000	  3.3340135e+000	  1.8065888e+000	  3.8826585e-001	 -1.0300571e+000	
  2.9450510e+001	  2.7180002e+001	  2.3240002e+001	  1.9950001e+001	  1.7040001e+001	  1.4580000e+001	  1.2350000e+001	  1.0460000e+001	  8.6800003e+000	  6.7747474e+000	  4.8694944e+000	  3.1883888e+000	  1.6193569e+000	  1.6239870e-001	 -1.2945595e+000	
  2.9450510e+001	  2.7180002e+001	  2.3240002e+001	  1.9950001e+001	  1.7040001e+001	  1.4580000e+001	  1.2350000e+001	  1.0460000e+001	  8.6800003e+000	  6.7173185e+000	  4.7546368e+000	  3.0228591e+000	  1.4065331e+000	 -9.4340920e-002	 -1.5952150e+000	
  2.9450510e+001	  2.7180002e+001	  2.3240002e+001	  1.9950001e+001	  1.7040001e+001	  1.4580000e+001	  1.2350000e+001	  1.0460000e+001	  8.6800003e+000	  6.6630464e+000	  4.6460924e+000	  2.8664269e+000	  1.2054061e+000	 -3.3697045e-001	 -1.8793470e+000	
  2.9450510e+001	  2.7180002e+001	  2.3240002e+001	  1.9950001e+001	  1.7040001e+001	  1.4580000e+001	  1.2350000e+001	  1.0460000e+001	  8.6800003e+000	  6.6342459e+000	  4.5884914e+000	  2.7834144e+000	  1.0986756e+000	 -4.6572459e-001	 -2.0301247e+000	
  2.9450510e+001	  2.7180002e+001	  2.3240002e+001	  1.9950001e+001	  1.7040001e+001	  1.4580000e+001	  1.2350000e+001	  1.0460000e+001	  8.6800003e+000	  6.6163707e+000	  4.5527411e+000	  2.7318912e+000	  1.0324314e+000	 -5.4563832e-001	 -2.1237080e+000	
  2.9450510e+001	  2.7180002e+001	  2.3240002e+001	  1.9950001e+001	  1.7040001e+001	  1.4580000e+001	  1.2350000e+001	  1.0460000e+001	  8.6800003e+000	  6.5993605e+000	  4.5187206e+000	  2.6828618e+000	  9.6939361e-001	 -6.2168396e-001	 -2.2127614e+000	
  2.9450510e+001	  2.7180002e+001	  2.3240002e+001	  1.9950001e+001	  1.7040001e+001	  1.4580000e+001	  1.2350000e+001	  1.0460000e+001	  8.6800003e+000	  6.6147690e+000	  4.5495377e+000	  2.7272749e+000	  1.0264964e+000	 -5.5279779e-001	 -2.1320920e+000	
  2.9450510e+001	  2.7180002e+001	  2.3240002e+001	  1.9950001e+001	  1.7040001e+001	  1.4580000e+001	  1.2350000e+001	  1.0460000e+001	  8.6800003e+000	  6.6417685e+000	  4.6035366e+000	  2.8050971e+000	  1.1265534e+000	 -4.3209422e-001	 -1.9907418e+000	
  2.9450510e+001	  2.7180002e+001	  2.3240002e+001	  1.9950001e+001	  1.7040001e+001	  1.4580000e+001	  1.2350000e+001	  1.0460000e+001	  8.6800003e+000	  6.6722736e+000	  4.6645470e+000	  2.8930233e+000	  1.2396011e+000	 -2.9571927e-001	 -1.8310397e+000	
  2.9450510e+001	  2.7180002e+001	  2.3240002e+001	  1.9950001e+001	  1.7040001e+001	  1.4580000e+001	  1.2350000e+001	  1.0460000e+001	  8.6800003e+000	  6.7164030e+000	  4.7528057e+000	  3.0202198e+000	  1.4031395e+000	 -9.8435044e-002	 -1.6000096e+000	
  2.9450510e+001	  2.7180002e+001	  2.3240002e+001	  1.9950001e+001	  1.7040001e+001	  1.4580000e+001	  1.2350000e+001	  1.0460000e+001	  8.6800003e+000	  6.7700086e+000	  4.8600168e+000	  3.1747298e+000	  1.6017954e+000	  1.4121354e-001	 -1.3193684e+000	
  2.9450510e+001	  2.7180002e+001	  2.3240002e+001	  1.9950001e+001	  1.7040001e+001	  1.4580000e+001	  1.2350000e+001	  1.0460000e+001	  8.6800003e+000	  6.8306623e+000	  4.9813242e+000	  3.3495550e+000	  1.8265706e+000	  4.1237092e-001	 -1.0018288e+000	
  2.9450510e+001	  2.7180002e+001	  2.3240002e+001	  1.9950001e+001	  1.7040001e+001	  1.4580000e+001	  1.2350000e+001	  1.0460000e+001	  8.6800003e+000	  6.8982120e+000	  5.1164236e+000	  3.5442574e+000	  2.0769024e+000	  7.1435845e-001	 -6.4818549e-001	
  2.9450510e+001	  2.7180002e+001	  2.3240002e+001	  1.9950001e+001	  1.7040001e+001	  1.4580000e+001	  1.2350000e+001	  1.0460000e+001	  8.6800003e+000	  6.9510756e+000	  5.2221508e+000	  3.6966286e+000	  2.2728081e+000	  9.5068908e-001	 -3.7142992e-001	
  2.9450510e+001	  2.7180002e+001	  2.3240002e+001	  1.9950001e+001	  1.7040001e+001	  1.4580000e+001	  1.2350000e+001	  1.0460000e+001	  8.6800003e+000	  6.9873171e+000	  5.2946339e+000	  3.8010895e+000	  2.4071150e+000	  1.1127100e+000	 -1.8169498e-001	
  2.9450510e+001	  2.7180002e+001	  2.3240002e+001	  1.9950001e+001	  1.7040001e+001	  1.4580000e+001	  1.2350000e+001	  1.0460000e+001	  8.6800003e+000	  7.0262656e+000	  5.3725309e+000	  3.9133534e+000	  2.5514545e+000	  1.2868341e+000	  2.2213697e-002	
  2.9450510e+001	  2.7180002e+001	  2.3240002e+001	  1.9950001e+001	  1.7040001e+001	  1.4580000e+001	  1.2350000e+001	  1.0460000e+001	  8.6800003e+000	  7.0563436e+000	  5.4326868e+000	  4.0000486e+000	  2.6629195e+000	  1.4212997e+000	  1.7967987e-001	
  2.9450510e+001	  2.7180002e+001	  2.3240002e+001	  1.9950001e+001	  1.7040001e+001	  1.4580000e+001	  1.2350000e+001	  1.0460000e+001	  8.6800003e+000	  7.0757551e+000	  5.4715099e+000	  4.0559998e+000	  2.7348568e+000	  1.5080813e+000	  2.8130579e-001	
  2.9450510e+001	  2.7180002e+001	  2.3240002e+001	  1.9950001e+001	  1.7040001e+001	  1.4580000e+001	  1.2350000e+001	  1.0460000e+001	  8.6800003e+000	  7.0669622e+000	  5.4539242e+000	  4.0306554e+000	  2.7022712e+000	  1.4687717e+000	  2.3527217e-001	
  2.9450510e+001	  2.7180002e+001	  2.3240002e+001	  1.9950001e+001	  1.7040001e+001	  1.4580000e+001	  1.2350000e+001	  1.0460000e+001	  8.6800003e+000	  7.0489759e+000	  5.4179516e+000	  3.9788122e+000	  2.6356158e+000	  1.3883619e+000	  1.4110804e-001	
  2.9450510e+001	  2.7180002e+001	  2.3240002e+001	  1.9950001e+001	  1.7040001e+001	  1.4580000e+001	  1.2350000e+001	  1.0460000e+001	  8.6800003e+000	  7.0113668e+000	  5.3427334e+000	  3.8704097e+000	  2.4962411e+000	  1.2202274e+000	 -5.5786371e-002	
  2.9450510e+001	  2.7180002e+001	  2.3240002e+001	  1.9950001e+001	  1.7040001e+001	  1.4580000e+001	  1.2350000e+001	  1.0460000e+001	  8.6800003e+000	  6.9729981e+000	  5.2659960e+000	  3.7598176e+000	  2.3540511e+000	  1.0486965e+000	 -2.5665808e-001	
  2.9450510e+001	  2.7180002e+001	  2.3240002e+001	  1.9950001e+001	  1.7040001e+001	  1.4580000e+001	  1.2350000e+001	  1.0460000e+001	  8.6800003e+000	  6.9228616e+000	  5.1657228e+000	  3.6153061e+000	  2.1682506e+000	  8.2455611e-001	 -5.1913834e-001	
  2.9450510e+001	  2.7180002e+001	  2.3240002e+001	  1.9950001e+001	  1.7040001e+001	  1.4580000e+001	  1.2350000e+001	  1.0460000e+001	  8.6800003e+000	  6.8653140e+000	  5.0506277e+000	  3.4494338e+000	  1.9549862e+000	  5.6728494e-001	 -8.2041633e-001	
  2.9450510e+001	  2.7180002e+001	  2.3240002e+001	  1.9950001e+001	  1.7040001e+001	  1.4580000e+001	  1.2350000e+001	  1.0460000e+001	  8.6800003e+000	  6.8011427e+000	  4.9222851e+000	  3.2644696e+000	  1.7171754e+000	  2.8040218e-001	 -1.1563710e+000	
  2.9450510e+001	  2.7180002e+001	  2.3240002e+001	  1.9950001e+001	  1.7040001e+001	  1.4580000e+001	  1.2350000e+001	  1.0460000e+001	  8.6800003e+000	  6.7495575e+000	  4.8191147e+000	  3.1157827e+000	  1.5260065e+000	  4.9785614e-002	 -1.4264352e+000	
  2.9450510e+001	  2.7180002e+001	  2.3240002e+001	  1.9950001e+001	  1.7040001e+001	  1.4580000e+001	  1.2350000e+001	  1.0460000e+001	  8.6800003e+000	  6.7080545e+000	  4.7361088e+000	  2.9961567e+000	  1.3722014e+000	 -1.3575685e-001	 -1.6437151e+000	
  2.9450510e+001	  2.7180002e+001	  2.3240002e+001	  1.9950001e+001	  1.7040001e+001	  1.4580000e+001	  1.2350000e+001	  1.0460000e+001	  8.6800003e+000	  6.6610203e+000	  4.6420403e+000	  2.8605871e+000	  1.1978976e+000	 -3.4602845e-001	 -1.8899544e+000	
  2.9450510e+001	  2.7180002e+001	  2.3240002e+001	  1.9950001e+001	  1.7040001e+001	  1.4580000e+001	  1.2350000e+001	  1.0460000e+001	  8.6800003e+000	  6.6321435e+000	  4.5842867e+000	  2.7773542e+000	  1.0908839e+000	 -4.7512424e-001	 -2.0411325e+000	
  2.9450510e+001	  2.7180002e+001	  2.3240002e+001	  1.9950001e+001	  1.7040001e+001	  1.4580000e+001	  1.2350000e+001	  1.0460000e+001	  8.6800003e+000	  6.6212778e+000	  4.5625553e+000	  2.7460356e+000	  1.0506171e+000	 -5.2370000e-001	 -2.0980172e+000	
  2.9450510e+001	  2.7180002e+001	  2.3240002e+001	  1.9950001e+001	  1.7040001e+001	  1.4580000e+001	  1.2350000e+001	  1.0460000e+001	  8.6800003e+000	  6.6178169e+000	  4.5556335e+000	  2.7360597e+000	  1.0377908e+000	 -5.3917313e-001	 -2.1161370e+000	
  2.9450510e+001	  2.7180002e+001	  2.3240002e+001	  1.9950001e+001	  1.7040001e+001	  1.4580000e+001	  1.2350000e+001	  1.0460000e+001	  8.6800003e+000	  6.6373081e+000	  4.5946159e+000	  2.7922404e+000	  1.1100233e+000	 -4.5203543e-001	 -2.0140941e+000	
  2.9450510e+001	  2.7180002e+001	  2.3240002e+001	  1.9950001e+001	  1.7040001e+001	  1.4580000e+001	  1.2350000e+001	  1.0460000e+001	  8.6800003e+000	  6.6697173e+000	  4.6594343e+000	  2.8856554e+000	  1.2301283e+000	 -3.0714679e-001	 -1.8444219e+000	
  2.9450510e+001	  2.7180002e+001	  2.3240002e+001	  1.9950001e+001	  1.7040001e+001	  1.4580000e+001	  1.2350000e+001	  1.0460000e+001	  8.6800003e+000	  6.7059407e+000	  4.7318811e+000	  2.9900637e+000	  1.3643675e+000	 -1.4520752e-001	 -1.6547825e+000	
  2.9450510e+001	  2.7180002e+001	  2.3240002e+001	  1.9950001e+001	  1.7040001e+001	  1.4580000e+001	  1.2350000e+001	  1.0460000e+001	  8.6800003e+000	  6.7608929e+000	  4.8417854e+000	  3.1484551e+000	  1.5680138e+000	  1.0046113e-001	 -1.3670915e+000	
  2.9450510e+001	  2.7180002e+001	  2.3240002e+001	  1.9950001e+001	  1.7040001e+001	  1.4580000e+001	  1.2350000e+001	  1.0460000e+001	  8.6800003e+000	  6.8144064e+000	  4.9488125e+000	  3.3027000e+000	  1.7663285e+000	  3.3969772e-001	 -1.0869330e+000	
  2.9450510e+001	  2.7180002e+001	  2.3240002e+001	  1.9950001e+001	  1.7040001e+001	  1.4580000e+001	  1.2350000e+001	  1.0460000e+001	  8.6800003e+000	  6.8649797e+000	  5.0499592e+000	  3.4484706e+000	  1.9537479e+000	  5.6579113e-001	 -8.2216561e-001	
  2.9450510e+001	  2.7180002e+001	  2.3240002e+001	  1.9950001e+001	  1.7040001e+001	  1.4580000e+001	  1.2350000e+001	  1.0460000e+001	  8.6800003e+000	  6.9354572e+000	  5.1909142e+000	  3.6516113e+000	  2.2149289e+000	  8.8086665e-001	 -4.5319557e-001	
  2.9450510e+001	  2.7180002e+001	  2.3240002e+001	  1.9950001e+001	  1.7040001e+001	  1.4580000e+001	  1.2350000e+001	  1.0460000e+001	  8.6800003e+000	  6.9880800e+000	  5.2961597e+000	  3.8032889e+000	  2.4099429e+000	  1.1161215e+000	 -1.7769980e-001	
  2.9450510e+001	  2.7180002e+001	  2.3240002e+001	  1.9950001e+001	  1.7040001e+001	  1.4580000e+001	  1.2350000e+001	  1.0460000e+001	  8.6800003e+000	  7.0302663e+000	  5.3805323e+000	  3.9248846e+000	  2.5662799e+000	  1.3047186e+000	  4.3157339e-002	
  2.9450510e+001	  2.7180002e+001	  2.3240002e+001	  1.9950001e+001	  1.7040001e+001	  1.4580000e+001	  1.2350000e+001	  1.0460000e+001	  8.6800003e+000	  7.0531716e+000	  5.4263430e+000	  3.9909058e+000	  2.6511645e+000	  1.4071192e+000	  1.6307378e-001	
  2.9450510e+001	  2.7180002e+001	  2.3240002e+001	  1.9950001e+001	  1.7040001e+001	  1.4580000e+001	  1.2350000e+001	  1.0460000e+001	  8.6800003e+000	  7.0717564e+000	  5.4635124e+000	  4.0444736e+000	  2.7200375e+000	  1.4902037e+000	  2.6037002e-001	
  2.9450510e+001	  2.7180002e+001	  2.3240002e+001	  1.9950001e+001	  1.7040001e+001	  1.4580000e+001	  1.2350000e+001	  1.0460000e+001	  8.6800003e+000	  7.0751376e+000	  5.4702749e+000	  4.0542197e+000	  2.7325683e+000	  1.5053204e+000	  2.7807260e-001	
  2.9450510e+001	  2.7180002e+001	  2.3240002e+001	  1.9950001e+001	  1.7040001e+001	  1.4580000e+001	  1.2350000e+001	  1.0460000e+001	  8.6800003e+000	  7.0639777e+000	  5.4479551e+000	  4.0220528e+000	  2.6912107e+000	  1.4554288e+000	  2.1964693e-001	
  2.9450510e+001	  2.7180002e+001	  2.3240002e+001	  1.9950001e+001	  1.7040001e+001	  1.4580000e+001	  1.2350000e+001	  1.0460000e+001	  8.6800003e+000	  7.0360355e+000	  5.3920708e+000	  3.9415138e+000	  2.5876608e+000	  1.3305115e+000	  7.3362112e-002	
  2.9450510e+001	  2.7180002e+001	  2.3240002e+001	  1.9950001e+001	  1.7040001e+001	  1.4580000e+001	  1.2350000e+001	  1.0460000e+001	  8.6800003e+000	  6.9903946e+000	  5.3007889e+000	  3.8099604e+000	  2.4185205e+000	  1.1264691e+000	 -1.6558218e-001	
  2.9450510e+001	  2.7180002e+001	  2.3240002e+001	  1.9950001e+001	  1.7040001e+001	  1.4580000e+001	  1.2350000e+001	  1.0460000e+001	  8.6800003e+000	  6.9428425e+000	  5.2056847e+000	  3.6728983e+000	  2.2422979e+000	  9.1388321e-001	 -4.1453147e-001	
  2.9450510e+001	  2.7180002e+001	  2.3240002e+001	  1.9950001e+001	  1.7040001e+001	  1.4580000e+001	  1.2350000e+001	  1.0460000e+001	  8.6800003e+000	  6.8922887e+000	  5.1045771e+000	  3.5271845e+000	  2.0549512e+000	  6.8787754e-001	 -6.7919612e-001	
  2.9450510e+001	  2.7180002e+001	  2.3240002e+001	  1.9950001e+001	  1.7040001e+001	  1.4580000e+001	  1.2350000e+001	  1.0460000e+001	  8.6800003e+000	  6.8335419e+000	  4.9870834e+000	  3.3578556e+000	  1.8372430e+000	  4.2524552e-001	 -9.8675191e-001	
  2.9450510e+001	  2.7180002e+001	  2.3240002e+001	  1.9950001e+001	  1.7040001e+001	  1.4580000e+001	  1.2350000e+001	  1.0460000e+001	  8.6800003e+000	  6.7622099e+000	  4.8444195e+000	  3.1522517e+000	  1.5728952e+000	  1.0634983e-001	 -1.3601955e+000	
  2.9450510e+001	  2.7180002e+001	  2.3240002e+001	  1.9950001e+001	  1.7040001e+001	  1.4580000e+001	  1.2350000e+001	  1.0460000e+001	  8.6800003e+000	  6.7121391e+000	  4.7442780e+000	  3.0079298e+000	  1.3873380e+000	 -1.1749709e-001	 -1.6223322e+000	
  2.9450510e+001	  2.7180002e+001	  2.3240002e+001	  1.9950001e+001	  1.7040001e+001	  1.4580000e+001	  1.2350000e+001	  1.0460000e+001	  8.6800003e+000	  6.6768236e+000	  4.6736469e+000	  2.9061379e+000	  1.2564631e+000	 -2.7537787e-001	 -1.8072188e+000	
  2.9450510e+001	  2.7180002e+001	  2.3240002e+001	  1.9950001e+001	  1.7040001e+001	  1.4580000e+001	  1.2350000e+001	  1.0460000e+001	  8.6800003e+000	  6.6277027e+000	  4.5754051e+000	  2.7645545e+000	  1.0744271e+000	 -4.9497676e-001	 -2.0643806e+000	
  2.9450510e+001	  2.7180002e+001	  2.3240002e+001	  1.9950001e+001	  1.7040001e+001	  1.4580000e+001	  1.2350000e+001	  1.0460000e+001	  8.6800003e+000	  6.6062441e+000	  4.5324879e+000	  2.7027030e+000	  9.9490392e-001	 -5.9090936e-001	 -2.1767225e+000	
  2.9450510e+001	  2.7180002e+001	  2.3240002e+001	  1.9950001e+001	  1.7040001e+001	  1.4580000e+001	  1.2350000e+001	  1.0460000e+001	  8.6800003e+000	  6.6078396e+000	  4.5356789e+000	  2.7073016e+000	  1.0008161e+000	 -5.8377755e-001	 -2.1683712e+000	
  2.9450510e+001	  2.7180002e+001	  2.3240002e+001	  1.9950001e+001	  1.7040001e+001	  1.4580000e+001	  1.2350000e+001	  1.0460000e+001	  8.6800003e+000	  6.6116877e+000	  4.5433750e+000	  2.7183933e+000	  1.0150770e+000	 -5.6657374e-001	 -2.1482244e+000	
  2.9450510e+001	  2.7180002e+001	  2.3240002e+001	  1.9950001e+001	  1.7040001e+001	  1.4580000e+001	  1.2350000e+001	  1.0460000e+001	  8.6800003e+000	  6.6289520e+000	  4.5779037e+000	  2.7681553e+000	  1.0790569e+000	 -4.8939168e-001	 -2.0578403e+000	
  2.9450510e+001	  2.7180002e+001	  2.3240002e+001	  1.9950001e+001	  1.7040001e+001	  1.4580000e+001	  1.2350000e+001	  1.0460000e+001	  8.6800003e+000	  6.6679621e+000	  4.6559238e+000	  2.8805957e+000	  1.2236229e+000	 -3.1499457e-001	 -1.8536121e+000	
  2.9450510e+001	  2.7180002e+001	  2.3240002e+001	  1.9950001e+001	  1.7040001e+001	  1.4580000e+001	  1.2350000e+001	  1.0460000e+001	  8.6800003e+000	  6.7116733e+000	  4.7433462e+000	  3.0065870e+000	  1.3856119e+000	 -1.1957932e-001	 -1.6247705e+000	
  2.9450510e+001	  2.7180002e+001	  2.3240002e+001	  1.9950001e+001	  1.7040001e+001	  1.4580000e+001	  1.2350000e+001	  1.0460000e+001	  8.6800003e+000	  6.7719922e+000	  4.8639841e+000	  3.1804476e+000	  1.6091468e+000	  1.5008199e-001	 -1.3089828e+000	
  2.9450510e+001	  2.7180002e+001	  2.3240002e+001	  1.9950001e+001	  1.7040001e+001	  1.4580000e+001	  1.2350000e+001	  1.0460000e+001	  8.6800003e+000	  6.8283916e+000	  4.9767828e+000	  3.3430102e+000	  1.8181558e+000	  4.0221965e-001	 -1.0137165e+000	
  2.9450510e+001	  2.7180002e+001	  2.3240002e+001	  1.9950001e+001	  1.7040001e+001	  1.4580000e+001	  1.2350000e+001	  1.0460000e+001	  8.6800003e+000	  6.8834124e+000	  5.0868244e+000	  3.5015998e+000	  2.0220568e+000	  6.4819562e-001	 -7.2566557e-001	
  2.9450510e+001	  2.7180002e+001	  2.3240002e+001	  1.9950001e+001	  1.7040001e+001	  1.4580000e+001	  1.2350000e+001	  1.0460000e+001	  8.6800003e+000	  6.9399781e+000	  5.1999559e+000	  3.6646421e+000	  2.2316825e+000	  9.0107739e-001	 -4.2952776e-001	
  2.9450510e+001	  2.7180002e+001	  2.3240002e+001	  1.9950001e+001	  1.7040001e+001	  1.4580000e+001	  1.2350000e+001	  1.0460000e+001	  8.6800003e+000	  6.9993486e+000	  5.3186970e+000	  3.8357689e+000	  2.4517028e+000	  1.1664987e+000	 -1.1870551e-001	
  2.9450510e+001	  2.7180002e+001	  2.3240002e+001	  1.9950001e+001	  1.7040001e+001	  1.4580000e+001	  1.2350000e+001	  1.0460000e+001	  8.6800003e+000	  7.0389433e+000	  5.3978863e+000	  3.9498947e+000	  2.5984359e+000	  1.3435099e+000	  8.8583946e-002	
  2.9450510e+001	  2.7180002e+001	  2.3240002e+001	  1.9950001e+001	  1.7040001e+001	  1.4580000e+001	  1.2350000e+001	  1.0460000e+001	  8.6800003e+000	  7.0594702e+000	  5.4389400e+000	  4.0090604e+000	  2.6745062e+000	  1.4352773e+000	  1.9604850e-001	
  2.9450510e+001	  2.7180002e+001	  2.3240002e+001	  1.9950001e+001	  1.7040001e+001	  1.4580000e+001	  1.2350000e+001	  1.0460000e+001	  8.6800003e+000	  7.0699344e+000	  5.4598684e+000	  4.0392218e+000	  2.7132850e+000	  1.4820582e+000	  2.5083137e-001	
  2.9450510e+001	  2.7180002e+001	  2.3240002e+001	  1.9950001e+001	  1.7040001e+001	  1.4580000e+001	  1.2350000e+001	  1.0460000e+001	  8.6800003e+000	  7.0620980e+000	  5.4441957e+000	  4.0166349e+000	  2.6842446e+000	  1.4470252e+000	  2.0980573e-001	
  2.9450510e+001	  2.7180002e+001	  2.3240002e+001	  1.9950001e+001	  1.7040001e+001	  1.4580000e+001	  1.2350000e+001	  1.0460000e+001	  8.6800003e+000	  7.0503778e+000	  5.4207554e+000	  3.9828529e+000	  2.6408107e+000	  1.3946288e+000	  1.4844680e-001	
  2.9450510e+001	  2.7180002e+001	  2.3240002e+001	  1.9950001e+001	  1.7040001e+001	  1.4580000e+001	  1.2350000e+001	  1.0460000e+001	  8.6800003e+000	  7.0257082e+000	  5.3714161e+000	  3.9117465e+000	  2.5493884e+000	  1.2843416e+000	  1.9294739e-002	
  2.9450510e+001	  2.7180002e+001	  2.3240002e+001	  1.9950001e+001	  1.7040001e+001	  1.4580000e+001	  1.2350000e+001	  1.0460000e+001	  8.6800003e+000	  6.9813943e+000	  5.2827883e+000	  3.7840180e+000	  2.3851662e+000	  1.0862322e+000	 -2.1270180e-001	
  2.9450510e+001	  2.7180002e+001	  2.3240002e+001	  1.9950001e+001	  1.7040001e+001	  1.4580000e+001	  1.2350000e+001	  1.0460000e+001	  8.6800003e+000	  6.9227767e+000	  5.1655531e+000	  3.6150618e+000	  2.1679366e+000	  8.2417750e-001	 -5.1958156e-001	
  2.9450510e+001	  2.7180002e+001	  2.3240002e+001	  1.9950001e+001	  1.7040001e+001	  1.4580000e+001	  1.2350000e+001	  1.0460000e+001	  8.6800003e+000	  6.8666921e+000	  5.0533838e+000	  3.4534059e+000	  1.9600933e+000	  5.7344592e-001	 -8.1320143e-001	
  2.9450510e+001	  2.7180002e+001	  2.3240002e+001	  1.9950001e+001	  1.7040001e+001	  1.4580000e+001	  1.2350000e+001	  1.0460000e+001	  8.6800003e+000	  6.8202939e+000	  4.9605875e+000	  3.3196702e+000	  1.7881473e+000	  3.6601901e-001	 -1.0561093e+000	
  2.9450510e+001	  2.7180002e+001	  2.3240002e+001	  1.9950001e+001	  1.7040001e+001	  1.4580000e+001	  1.2350000e+001	  1.0460000e+001	  8.6800003e+000	  6.7562275e+000	  4.8324547e+000	  3.1350079e+000	  1.5507241e+000	  7.9603672e-002	 -1.3915168e+000	
  2.9450510e+001	  2.7180002e+001	  2.3240002e+001	  1.9950001e+001	  1.7040001e+001	  1.4580000e+001	  1.2350000e+001	  1.0460000e+001	  8.6800003e+000	  6.6947536e+000	  4.7095070e+000	  2.9578190e+000	  1.3229102e+000	 -1.9521940e-001	 -1.7133490e+000	
  2.9450510e+001	  2.7180002e+001	  2.3240002e+001	  1.9950001e+001	  1.7040001e+001	  1.4580000e+001	  1.2350000e+001	  1.0460000e+001	  8.6800003e+000	  6.6700416e+000	  4.6600828e+000	  2.8865900e+000	  1.2313299e+000	 -3.0569720e-001	 -1.8427243e+000	
  2.9450510e+001	  2.7180002e+001	  2.3240002e+001	  1.9950001e+001	  1.7040001e+001	  1.4580000e+001	  1.2350000e+001	  1.0460000e+001	  8.6800003e+000	  6.6438818e+000	  4.6077633e+000	  2.8111880e+000	  1.1343844e+000	 -4.2264736e-001	 -1.9796791e+000	
  2.9450510e+001	  2.7180002e+001	  2.3240002e+001	  1.9950001e+001	  1.7040001e+001	  1.4580000e+001	  1.2350000e+001	  1.0460000e+001	  8.6800003e+000	  6.6206303e+000	  4.5612602e+000	  2.7441692e+000	  1.0482178e+000	 -5.2659428e-001	 -2.1014063e+000	
  2.9450510e+001	  2.7180002e+001	  2.3240002e+001	  1.9950001e+001	  1.7040001e+001	  1.4580000e+001	  1.2350000e+001	  1.0460000e+001	  8.6800003e+000	  6.6256380e+000	  4.5712757e+000	  2.7586029e+000	  1.0667750e+000	 -5.0420809e-001	 -2.0751910e+000	
  2.9450510e+001	  2.7180002e+001	  2.3240002e+001	  1.9950001e+001	  1.7040001e+001	  1.4580000e+001	  1.2350000e+001	  1.0460000e+001	  8.6800003e+000	  6.6405416e+000	  4.6010828e+000	  2.8015604e+000	  1.1220061e+000	 -4.3757999e-001	 -1.9971660e+000	
  2.9450510e+001	  2.7180002e+001	  2.3240002e+001	  1.9950001e+001	  1.7040001e+001	  1.4580000e+001	  1.2350000e+001	  1.0460000e+001	  8.6800003e+000	  6.6607428e+000	  4.6414852e+000	  2.8597875e+000	  1.1968697e+000	 -3.4726810e-001	 -1.8914059e+000	
  2.9450510e+001	  2.7180002e+001	  2.3240002e+001	  1.9950001e+001	  1.7040001e+001	  1.4580000e+001	  1.2350000e+001	  1.0460000e+001	  8.6800003e+000	  6.7065773e+000	  4.7331543e+000	  2.9918988e+000	  1.3667270e+000	 -1.4236104e-001	 -1.6514491e+000	
  2.9450510e+001	  2.7180002e+001	  2.3240002e+001	  1.9950001e+001	  1.7040001e+001	  1.4580000e+001	  1.2350000e+001	  1.0460000e+001	  8.6800003e+000	  6.7579021e+000	  4.8358040e+000	  3.1398351e+000	  1.5569309e+000	  8.7091327e-002	 -1.3827482e+000	
  2.9450510e+001	  2.7180002e+001	  2.3240002e+001	  1.9950001e+001	  1.7040001e+001	  1.4580000e+001	  1.2350000e+001	  1.0460000e+001	  8.6800003e+000	  6.8111715e+000	  4.9423428e+000	  3.2933764e+000	  1.7543412e+000	  3.2523715e-001	 -1.1038669e+000	
  2.9450510e+001	  2.7180002e+001	  2.3240002e+001	  1.9950001e+001	  1.7040001e+001	  1.4580000e+001	  1.2350000e+001	  1.0460000e+001	  8.6800003e+000	  6.8711090e+000	  5.0622177e+000	  3.4661374e+000	  1.9764625e+000	  5.9319293e-001	 -7.9007661e-001	
  2.9450510e+001	  2.7180002e+001	  2.3240002e+001	  1.9950001e+001	  1.7040001e+001	  1.4580000e+001	  1.2350000e+001	  1.0460000e+001	  8.6800003e+000	  6.9225006e+000	  5.1650009e+000	  3.6142654e+000	  2.1669126e+000	  8.2294202e-001	 -5.2102852e-001	
  2.9450510e+001	  2.7180002e+001	  2.3240002e+001	  1.9950001e+001	  1.7040001e+001	  1.4580000e+001	  1.2350000e+001	  1.0460000e+001	  8.6800003e+000	  6.9726925e+000	  5.2653847e+000	  3.7589364e+000	  2.3529181e+000	  1.0473299e+000	 -2.5825834e-001	
  2.9450510e+001	  2.7180002e+001	  2.3240002e+001	  1.9950001e+001	  1.7040001e+001	  1.4580000e+001	  1.2350000e+001	  1.0460000e+001	  8.6800003e+000	  7.0207615e+000	  5.3615227e+000	  3.8974884e+000	  2.5310564e+000	  1.2622268e+000	 -6.6027641e-003	
  2.9450510e+001	  2.7180002e+001	  2.3240002e+001	  1.9950001e+001	  1.7040001e+001	  1.4580000e+001	  1.2350000e+001	  1.0460000e+001	  8.6800003e+000	  7.0522842e+000	  5.4245682e+000	  3.9883485e+000	  2.6478767e+000	  1.4031529e+000	  1.5842915e-001	
  2.9450510e+001	  2.7180002e+001	  2.3240002e+001	  1.9950001e+001	  1.7040001e+001	  1.4580000e+001	  1.2350000e+001	  1.0460000e+001	  8.6800003e+000	  7.0679750e+000	  5.4559498e+000	  4.0335746e+000	  2.7060246e+000	  1.4732996e+000	  2.4057460e-001	
  2.9450510e+001	  2.7180002e+001	  2.3240002e+001	  1.9950001e+001	  1.7040001e+001	  1.4580000e+001	  1.2350000e+001	  1.0460000e+001	  8.6800003e+000	  7.0741639e+000	  5.4683275e+000	  4.0514131e+000	  2.7289596e+000	  1.5009671e+000	  2.7297473e-001	
  2.9450510e+001	  2.7180002e+001	  2.3240002e+001	  1.9950001e+001	  1.7040001e+001	  1.4580000e+001	  1.2350000e+001	  1.0460000e+001	  8.6800003e+000	  7.0553737e+000	  5.4307470e+000	  3.9972529e+000	  2.6593251e+000	  1.4169637e+000	  1.7460227e-001	
  2.9450510e+001	  2.7180002e+001	  2.3240002e+001	  1.9950001e+001	  1.7040001e+001	  1.4580000e+001	  1.2350000e+001	  1.0460000e+001	  8.6800003e+000	  7.0318041e+000	  5.3836079e+000	  3.9293170e+000	  2.5719790e+000	  1.3115938e+000	  5.1208496e-002	
  2.9450510e+001	  2.7180002e+001	  2.3240002e+001	  1.9950001e+001	  1.7040001e+001	  1.4580000e+001	  1.2350000e+001	  1.0460000e+001	  8.6800003e+000	  6.9940901e+000	  5.3081799e+000	  3.8206120e+000	  2.4322152e+000	  1.1429896e+000	 -1.4623594e-001	
  2.9450510e+001	  2.7180002e+001	  2.3240002e+001	  1.9950001e+001	  1.7040001e+001	  1.4580000e+001	  1.2350000e+001	  1.0460000e+001	  8.6800003e+000	  6.9467711e+000	  5.2135420e+000	  3.6842222e+000	  2.2568572e+000	  9.3144679e-001	 -3.9396358e-001	
  2.9450510e+001	  2.7180002e+001	  2.3240002e+001	  1.9950001e+001	  1.7040001e+001	  1.4580000e+001	  1.2350000e+001	  1.0460000e+001	  8.6800003e+000	  6.8884068e+000	  5.0968132e+000	  3.5159950e+000	  2.0405650e+000	  6.7052281e-001	 -6.9951940e-001	
  2.9450510e+001	  2.7180002e+001	  2.3240002e+001	  1.9950001e+001	  1.7040001e+001	  1.4580000e+001	  1.2350000e+001	  1.0460000e+001	  8.6800003e+000	  6.8295012e+000	  4.9790020e+000	  3.3462086e+000	  1.8222679e+000	  4.0718019e-001	 -1.0079075e+000	
  2.9450510e+001	  2.7180002e+001	  2.3240002e+001	  1.9950001e+001	  1.7040001e+001	  1.4580000e+001	  1.2350000e+001	  1.0460000e+001	  8.6800003e+000	  6.7706060e+000	  4.8612118e+000	  3.1764517e+000	  1.6040092e+000	  1.4388394e-001	 -1.3162413e+000	
  2.9450510e+001	  2.7180002e+001	  2.3240002e+001	  1.9950001e+001	  1.7040001e+001	  1.4580000e+001	  1.2350000e+001	  1.0460000e+001	  8.6800003e+000	  6.7172861e+000	  4.7545719e+000	  3.0227652e+000	  1.4064121e+000	 -9.4487071e-002	 -1.5953863e+000	
  2.9450510e+001	  2.7180002e+001	  2.3240002e+001	  1.9950001e+001	  1.7040001e+001	  1.4580000e+001	  1.2350000e+001	  1.0460000e+001	  8.6800003e+000	  6.6691942e+000	  4.6583881e+000	  2.8841476e+000	  1.2281898e+000	 -3.0948520e-001	 -1.8471602e+000	
  2.9450510e+001	  2.7180002e+001	  2.3240002e+001	  1.9950001e+001	  1.7040001e+001	  1.4580000e+001	  1.2350000e+001	  1.0460000e+001	  8.6800003e+000	  6.6342516e+000	  4.5885029e+000	  2.7834301e+000	  1.0986956e+000	 -4.6570051e-001	 -2.0300965e+000	
  2.9450510e+001	  2.7180002e+001	  2.3240002e+001	  1.9950001e+001	  1.7040001e+001	  1.4580000e+001	  1.2350000e+001	  1.0460000e+001	  8.6800003e+000	  6.6078401e+000	  4.5356798e+000	  2.7073030e+000	  1.0008181e+000	 -5.8377492e-001	 -2.1683679e+000	
  2.9450510e+001	  2.7180002e+001	  2.3240002e+001	  1.9950001e+001	  1.7040001e+001	  1.4580000e+001	  1.2350000e+001	  1.0460000e+001	  8.6800003e+000	  6.5966077e+000	  4.5132151e+000	  2.6749275e+000	  9.5919251e-001	 -6.3398993e-001	 -2.2271724e+000	
  2.9450510e+001	  2.7180002e+001	  2.3240002e+001	  1.9950001e+001	  1.7040001e+001	  1.4580000e+001	  1.2350000e+001	  1.0460000e+001	  8.6800003e+000	  6.6083755e+000	  4.5367508e+000	  2.7088466e+000	  1.0028027e+000	 -5.8138084e-001	 -2.1655645e+000	
  2.9450510e+001	  2.7180002e+001	  2.3240002e+001	  1.9950001e+001	  1.7040001e+001	  1.4580000e+001	  1.2350000e+001	  1.0460000e+001	  8.6800003e+000	  6.6345043e+000	  4.5890083e+000	  2.7841587e+000	  1.0996324e+000	 -4.6457052e-001	 -2.0287733e+000	
  2.9450510e+001	  2.7180002e+001	  2.3240002e+001	  1.9950001e+001	  1.7040001e+001	  1.4580000e+001	  1.2350000e+001	  1.0460000e+001	  8.6800003e+000	  6.6649032e+000	  4.6498060e+000	  2.8717792e+000	  1.2122875e+000	 -3.2866895e-001	 -1.8696254e+000	
  2.9450510e+001	  2.7180002e+001	  2.3240002e+001	  1.9950001e+001	  1.7040001e+001	  1.4580000e+001	  1.2350000e+001	  1.0460000e+001	  8.6800003e+000	  6.7031426e+000	  4.7262850e+000	  2.9819984e+000	  1.3539979e+000	 -1.5771675e-001	 -1.6694314e+000	
  2.9450510e+001	  2.7180002e+001	  2.3240002e+001	  1.9950001e+001	  1.7040001e+001	  1.4580000e+001	  1.2350000e+001	  1.0460000e+001	  8.6800003e+000	  6.7582130e+000	  4.8364258e+000	  3.1407309e+000	  1.5580823e+000	  8.8480234e-002	 -1.3811219e+000	
  2.9450510e+001	  2.7180002e+001	  2.3240002e+001	  1.9950001e+001	  1.7040001e+001	  1.4580000e+001	  1.2350000e+001	  1.0460000e+001	  8.6800003e+000	  6.8184347e+000	  4.9568691e+000	  3.3143113e+000	  1.7812574e+000	  3.5770738e-001	 -1.0658426e+000	
  2.9450510e+001	  2.7180002e+001	  2.3240002e+001	  1.9950001e+001	  1.7040001e+001	  1.4580000e+001	  1.2350000e+001	  1.0460000e+001	  8.6800003e+000	  6.8820853e+000	  5.0841703e+000	  3.4977748e+000	  2.0171390e+000	  6.4226294e-001	 -7.3261309e-001	
  2.9450510e+001	  2.7180002e+001	  2.3240002e+001	  1.9950001e+001	  1.7040001e+001	  1.4580000e+001	  1.2350000e+001	  1.0460000e+001	  8.6800003e+000	  6.9341302e+000	  5.1882601e+000	  3.6477866e+000	  2.2100115e+000	  8.7493455e-001	 -4.6014237e-001	
  2.9450510e+001	  2.7180002e+001	  2.3240002e+001	  1.9950001e+001	  1.7040001e+001	  1.4580000e+001	  1.2350000e+001	  1.0460000e+001	  8.6800003e+000	  6.9772077e+000	  5.2744150e+000	  3.7719507e+000	  2.3696508e+000	  1.0675154e+000	 -2.3462009e-001	
  2.9450510e+001	  2.7180002e+001	  2.3240002e+001	  1.9950001e+001	  1.7040001e+001	  1.4580000e+001	  1.2350000e+001	  1.0460000e+001	  8.6800003e+000	  7.0230336e+000	  5.3660669e+000	  3.9040375e+000	  2.5394769e+000	  1.2723848e+000	  5.2926540e-003	
  2.9450510e+001	  2.7180002e+001	  2.3240002e+001	  1.9950001e+001	  1.7040001e+001	  1.4580000e+001	  1.2350000e+001	  1.0460000e+001	  8.6800003e+000	  7.0531721e+000	  5.4263439e+000	  3.9909070e+000	  2.6511660e+000	  1.4071207e+000	  1.6307545e-001	
  2.9450510e+001	  2.7180002e+001	  2.3240002e+001	  1.9950001e+001	  1.7040001e+001	  1.4580000e+001	  1.2350000e+001	  1.0460000e+001	  8.6800003e+000	  7.0682588e+000	  5.4565172e+000	  4.0343924e+000	  2.7070756e+000	  1.4745673e+000	  2.4205899e-001	
  2.9450510e+001	  2.7180002e+001	  2.3240002e+001	  1.9950001e+001	  1.7040001e+001	  1.4580000e+001	  1.2350000e+001	  1.0460000e+001	  8.6800003e+000	  7.0667505e+000	  5.4535007e+000	  4.0300450e+000	  2.7014866e+000	  1.4678251e+000	  2.3416352e-001	
  2.9450510e+001	  2.7180002e+001	  2.3240002e+001	  1.9950001e+001	  1.7040001e+001	  1.4580000e+001	  1.2350000e+001	  1.0460000e+001	  8.6800003e+000	  7.0482087e+000	  5.4164171e+000	  3.9766011e+000	  2.6327729e+000	  1.3849325e+000	  1.3709211e-001	
  2.9450510e+001	  2.7180002e+001	  2.3240002e+001	  1.9950001e+001	  1.7040001e+001	  1.4580000e+001	  1.2350000e+001	  1.0460000e+001	  8.6800003e+000	  7.0210099e+000	  5.3620195e+000	  3.8982046e+000	  2.5319772e+000	  1.2633376e+000	 -5.3019524e-003	
  2.9450510e+001	  2.7180002e+001	  2.3240002e+001	  1.9950001e+001	  1.7040001e+001	  1.4580000e+001	  1.2350000e+001	  1.0460000e+001	  8.6800003e+000	  6.9878559e+000	  5.2957115e+000	  3.8026428e+000	  2.4091120e+000	  1.1151192e+000	 -1.7887354e-001	
  2.9450510e+001	  2.7180002e+001	  2.3240002e+001	  1.9950001e+001	  1.7040001e+001	  1.4580000e+001	  1.2350000e+001	  1.0460000e+001	  8.6800003e+000	  6.9410105e+000	  5.2020206e+000	  3.6676178e+000	  2.2355087e+000	  9.0569305e-001	 -4.2412257e-001	
  2.9450510e+001	  2.7180002e+001	  2.3240002e+001	  1.9950001e+001	  1.7040001e+001	  1.4580000e+001	  1.2350000e+001	  1.0460000e+001	  8.6800003e+000	  6.8802490e+000	  5.0804977e+000	  3.4924822e+000	  2.0103343e+000	  6.3405406e-001	 -7.4222612e-001	
  2.9450510e+001	  2.7180002e+001	  2.3240002e+001	  1.9950001e+001	  1.7040001e+001	  1.4580000e+001	  1.2350000e+001	  1.0460000e+001	  8.6800003e+000	  6.8206210e+000	  4.9612417e+000	  3.3206129e+000	  1.7893593e+000	  3.6748099e-001	 -1.0543973e+000	
  2.9450510e+001	  2.7180002e+001	  2.3240002e+001	  1.9950001e+001	  1.7040001e+001	  1.4580000e+001	  1.2350000e+001	  1.0460000e+001	  8.6800003e+000	  6.7723627e+000	  4.8647251e+000	  3.1815152e+000	  1.6105194e+000	  1.5173769e-001	 -1.3070440e+000	
  2.9450510e+001	  2.7180002e+001	  2.3240002e+001	  1.9950001e+001	  1.7040001e+001	  1.4580000e+001	  1.2350000e+001	  1.0460000e+001	  8.6800003e+000	  6.7244768e+000	  4.7689533e+000	  3.0434914e+000	  1.4330603e+000	 -6.2340021e-002	 -1.5577403e+000	
  2.9450510e+001	  2.7180002e+001	  2.3240002e+001	  1.9950001e+001	  1.7040001e+001	  1.4580000e+001	  1.2350000e+001	  1.0460000e+001	  8.6800003e+000	  6.6775417e+000	  4.6750832e+000	  2.9082079e+000	  1.2591245e+000	 -2.7216721e-001	 -1.8034589e+000	
  2.9450510e+001	  2.7180002e+001	  2.3240002e+001	  1.9950001e+001	  1.7040001e+001	  1.4580000e+001	  1.2350000e+001	  1.0460000e+001	  8.6800003e+000	  6.6516514e+000	  4.6233025e+000	  2.8335826e+000	  1.1631775e+000	 -3.8791287e-001	 -1.9390032e+000	
  2.9450510e+001	  2.7180002e+001	  2.3240002e+001	  1.9950001e+001	  1.7040001e+001	  1.4580000e+001	  1.2350000e+001	  1.0460000e+001	  8.6800003e+000	  6.6393576e+000	  4.5987148e+000	  2.7981474e+000	  1.1176180e+000	 -4.4287372e-001	 -2.0033655e+000	
  2.9450510e+001	  2.7180002e+001	  2.3240002e+001	  1.9950001e+001	  1.7040001e+001	  1.4580000e+001	  1.2350000e+001	  1.0460000e+001	  8.6800003e+000	  6.6317034e+000	  4.5834064e+000	  2.7760856e+000	  1.0892528e+000	 -4.7709179e-001	 -2.0434365e+000	
  2.9450510e+001	  2.7180002e+001	  2.3240002e+001	  1.9950001e+001	  1.7040001e+001	  1.4580000e+001	  1.2350000e+001	  1.0460000e+001	  8.6800003e+000	  6.6415305e+000	  4.6030607e+000	  2.8044109e+000	  1.1256711e+000	 -4.3315852e-001	 -1.9919882e+000	
  2.9450510e+001	  2.7180002e+001	  2.3240002e+001	  1.9950001e+001	  1.7040001e+001	  1.4580000e+001	  1.2350000e+001	  1.0460000e+001	  8.6800003e+000	  6.6677656e+000	  4.6555309e+000	  2.8800297e+000	  1.2228954e+000	 -3.1587219e-001	 -1.8546398e+000	
  2.9450510e+001	  2.7180002e+001	  2.3240002e+001	  1.9950001e+001	  1.7040001e+001	  1.4580000e+001	  1.2350000e+001	  1.0460000e+001	  8.6800003e+000	  6.7079697e+000	  4.7359390e+000	  2.9959116e+000	  1.3718861e+000	 -1.3613737e-001	 -1.6441609e+000	
  2.9450510e+001	  2.7180002e+001	  2.3240002e+001	  1.9950001e+001	  1.7040001e+001	  1.4580000e+001	  1.2350000e+001	  1.0460000e+001	  8.6800003e+000	  6.7560382e+000	  4.8320761e+000	  3.1344624e+000	  1.5500228e+000	  7.8757644e-002	 -1.3925076e+000	
  2.9450510e+001	  2.7180002e+001	  2.3240002e+001	  1.9950001e+001	  1.7040001e+001	  1.4580000e+001	  1.2350000e+001	  1.0460000e+001	  8.6800003e+000	  6.8013024e+000	  4.9226046e+000	  3.2649298e+000	  1.7177668e+000	  2.8111541e-001	 -1.1555359e+000	
  2.9450510e+001	  2.7180002e+001	  2.3240002e+001	  1.9950001e+001	  1.7040001e+001	  1.4580000e+001	  1.2350000e+001	  1.0460000e+001	  8.6800003e+000	  6.8532681e+000	  5.0265360e+000	  3.4147134e+000	  1.9103458e+000	  5.1343310e-001	 -8.8347960e-001	
  2.9450510e+001	  2.7180002e+001	  2.3240002e+001	  1.9950001e+001	  1.7040001e+001	  1.4580000e+001	  1.2350000e+001	  1.0460000e+001	  8.6800003e+000	  6.9129419e+000	  5.1458836e+000	  3.5867145e+000	  2.1314902e+000	  7.8021049e-001	 -5.7106924e-001	
  2.9450510e+001	  2.7180002e+001	  2.3240002e+001	  1.9950001e+001	  1.7040001e+001	  1.4580000e+001	  1.2350000e+001	  1.0460000e+001	  8.6800003e+000	  6.9715738e+000	  5.2631474e+000	  3.7557120e+000	  2.3487725e+000	  1.0423286e+000	 -2.6411533e-001	
  2.9450510e+001	  2.7180002e+001	  2.3240002e+001	  1.9950001e+001	  1.7040001e+001	  1.4580000e+001	  1.2350000e+001	  1.0460000e+001	  8.6800003e+000	  7.0085130e+000	  5.3370256e+000	  3.8621840e+000	  2.4856653e+000	  1.2074693e+000	 -7.0726633e-002	
  2.9450510e+001	  2.7180002e+001	  2.3240002e+001	  1.9950001e+001	  1.7040001e+001	  1.4580000e+001	  1.2350000e+001	  1.0460000e+001	  8.6800003e+000	  7.0368056e+000	  5.3936110e+000	  3.9437332e+000	  2.5905142e+000	  1.3339536e+000	  7.7393055e-002	
  2.9450510e+001	  2.7180002e+001	  2.3240002e+001	  1.9950001e+001	  1.7040001e+001	  1.4580000e+001	  1.2350000e+001	  1.0460000e+001	  8.6800003e+000	  7.0512056e+000	  5.4224110e+000	  3.9852390e+000	  2.6438785e+000	  1.3983295e+000	  1.5278053e-001	
  2.9450510e+001	  2.7180002e+001	  2.3240002e+001	  1.9950001e+001	  1.7040001e+001	  1.4580000e+001	  1.2350000e+001	  1.0460000e+001	  8.6800003e+000	  7.0612011e+000	  5.4424019e+000	  4.0140495e+000	  2.6809208e+000	  1.4430157e+000	  2.0511055e-001	
  2.9450510e+001	  2.7180002e+001	  2.3240002e+001	  1.9950001e+001	  1.7040001e+001	  1.4580000e+001	  1.2350000e+001	  1.0460000e+001	  8.6800003e+000	  7.0550127e+000	  5.4300251e+000	  3.9962122e+000	  2.6579871e+000	  1.4153494e+000	  1.7271161e-001	
  2.9450510e+001	  2.7180002e+001	  2.3240002e+001	  1.9950001e+001	  1.7040001e+001	  1.4580000e+001	  1.2350000e+001	  1.0460000e+001	  8.6800003e+000	  7.0364647e+000	  5.3929291e+000	  3.9427507e+000	  2.5892510e+000	  1.3324299e+000	  7.5608730e-002	
  2.9450510e+001	  2.7180002e+001	  2.3240002e+001	  1.9950001e+001	  1.7040001e+001	  1.4580000e+001	  1.2350000e+001	  1.0460000e+001	  8.6800003e+000	  6.9898453e+000	  5.2996902e+000	  3.8083773e+000	  2.4164851e+000	  1.1240138e+000	 -1.6845751e-001	
  2.9450510e+001	  2.7180002e+001	  2.3240002e+001	  1.9950001e+001	  1.7040001e+001	  1.4580000e+001	  1.2350000e+001	  1.0460000e+001	  8.6800003e+000	  6.9442520e+000	  5.2085037e+000	  3.6769614e+000	  2.2475219e+000	  9.2018521e-001	 -4.0715146e-001	
  2.9450510e+001	  2.7180002e+001	  2.3240002e+001	  1.9950001e+001	  1.7040001e+001	  1.4580000e+001	  1.2350000e+001	  1.0460000e+001	  8.6800003e+000	  6.8984203e+000	  5.1168404e+000	  3.5448580e+000	  2.0776746e+000	  7.1529007e-001	 -6.4709449e-001	
  2.9450510e+001	  2.7180002e+001	  2.3240002e+001	  1.9950001e+001	  1.7040001e+001	  1.4580000e+001	  1.2350000e+001	  1.0460000e+001	  8.6800003e+000	  6.8480310e+000	  5.0160618e+000	  3.3996184e+000	  1.8909379e+000	  4.9002039e-001	 -9.1089714e-001	
  2.9450510e+001	  2.7180002e+001	  2.3240002e+001	  1.9950001e+001	  1.7040001e+001	  1.4580000e+001	  1.2350000e+001	  1.0460000e+001	  8.6800003e+000	  6.7804356e+000	  4.8808708e+000	  3.2047839e+000	  1.6404364e+000	  1.8782806e-001	 -1.2647803e+000	
  2.9450510e+001	  2.7180002e+001	  2.3240002e+001	  1.9950001e+001	  1.7040001e+001	  1.4580000e+001	  1.2350000e+001	  1.0460000e+001	  8.6800003e+000	  6.7186599e+000	  4.7573195e+000	  3.0267248e+000	  1.4115033e+000	 -8.8345170e-002	 -1.5881937e+000	
  2.9450510e+001	  2.7180002e+001	  2.3240002e+001	  1.9950001e+001	  1.7040001e+001	  1.4580000e+001	  1.2350000e+001	  1.0460000e+001	  8.6800003e+000	  6.6878204e+000	  4.6956406e+000	  2.9378347e+000	  1.2972162e+000	 -2.2621536e-001	 -1.7496469e+000	
  2.9450510e+001	  2.7180002e+001	  2.3240002e+001	  1.9950001e+001	  1.7040001e+001	  1.4580000e+001	  1.2350000e+001	  1.0460000e+001	  8.6800003e+000	  6.6495504e+000	  4.6191006e+000	  2.8275275e+000	  1.1553925e+000	 -3.9730418e-001	 -1.9500009e+000	
  2.9450510e+001	  2.7180002e+001	  2.3240002e+001	  1.9950001e+001	  1.7040001e+001	  1.4580000e+001	  1.2350000e+001	  1.0460000e+001	  8.6800003e+000	  6.6154675e+000	  4.5509348e+000	  2.7292881e+000	  1.0290847e+000	 -5.4967558e-001	 -2.1284359e+000	
  2.9450510e+001	  2.7180002e+001	  2.3240002e+001	  1.9950001e+001	  1.7040001e+001	  1.4580000e+001	  1.2350000e+001	  1.0460000e+001	  8.6800003e+000	  6.6108065e+000	  4.5416126e+000	  2.7158535e+000	  1.0118116e+000	 -5.7051289e-001	 -2.1528373e+000	
  2.9450510e+001	  2.7180002e+001	  2.3240002e+001	  1.9950001e+001	  1.7040001e+001	  1.4580000e+001	  1.2350000e+001	  1.0460000e+001	  8.6800003e+000	  6.6163030e+000	  4.5526056e+000	  2.7316961e+000	  1.0321807e+000	 -5.4594076e-001	 -2.1240621e+000	
  2.9450510e+001	  2.7180002e+001	  2.3240002e+001	  1.9950001e+001	  1.7040001e+001	  1.4580000e+001	  1.2350000e+001	  1.0460000e+001	  8.6800003e+000	  6.6338844e+000	  4.5877686e+000	  2.7823725e+000	  1.0973361e+000	 -4.6734059e-001	 -2.0320172e+000	
  2.9450510e+001	  2.7180002e+001	  2.3240002e+001	  1.9950001e+001	  1.7040001e+001	  1.4580000e+001	  1.2350000e+001	  1.0460000e+001	  8.6800003e+000	  6.6636810e+000	  4.6473618e+000	  2.8682563e+000	  1.2077579e+000	 -3.3413327e-001	 -1.8760245e+000	
  2.9450510e+001	  2.7180002e+001	  2.3240002e+001	  1.9950001e+001	  1.7040001e+001	  1.4580000e+001	  1.2350000e+001	  1.0460000e+001	  8.6800003e+000	  6.6979918e+000	  4.7159834e+000	  2.9671526e+000	  1.3349104e+000	 -1.8074298e-001	 -1.6963964e+000	
  2.9450510e+001	  2.7180002e+001	  2.3240002e+001	  1.9950001e+001	  1.7040001e+001	  1.4580000e+001	  1.2350000e+001	  1.0460000e+001	  8.6800003e+000	  6.7526112e+000	  4.8252220e+000	  3.1245847e+000	  1.5373232e+000	  6.3437700e-002	 -1.4104478e+000	
  2.9450510e+001	  2.7180002e+001	  2.3240002e+001	  1.9950001e+001	  1.7040001e+001	  1.4580000e+001	  1.2350000e+001	  1.0460000e+001	  8.6800003e+000	  6.8151999e+000	  4.9503994e+000	  3.3049874e+000	  1.7692696e+000	  3.4324598e-001	 -1.0827776e+000	
  2.9450510e+001	  2.7180002e+001	  2.3240002e+001	  1.9950001e+001	  1.7040001e+001	  1.4580000e+001	  1.2350000e+001	  1.0460000e+001	  8.6800003e+000	  6.8659291e+000	  5.0518579e+000	  3.4512067e+000	  1.9572657e+000	  5.7003486e-001	 -8.1719601e-001	
  2.9450510e+001	  2.7180002e+001	  2.3240002e+001	  1.9950001e+001	  1.7040001e+001	  1.4580000e+001	  1.2350000e+001	  1.0460000e+001	  8.6800003e+000	  6.9088602e+000	  5.1377201e+000	  3.5749493e+000	  2.1163630e+000	  7.6196170e-001	 -5.9243965e-001	
  2.9450510e+001	  2.7180002e+001	  2.3240002e+001	  1.9950001e+001	  1.7040001e+001	  1.4580000e+001	  1.2350000e+001	  1.0460000e+001	  8.6800003e+000	  6.9688520e+000	  5.2577038e+000	  3.7478671e+000	  2.3386865e+000	  1.0301616e+000	 -2.7836323e-001	
  2.9450510e+001	  2.7180002e+001	  2.3240002e+001	  1.9950001e+001	  1.7040001e+001	  1.4580000e+001	  1.2350000e+001	  1.0460000e+001	  8.6800003e+000	  7.0190611e+000	  5.3581219e+000	  3.8925874e+000	  2.5247555e+000	  1.2546257e+000	 -1.5504122e-002	
  2.9450510e+001	  2.7180002e+001	  2.3240002e+001	  1.9950001e+001	  1.7040001e+001	  1.4580000e+001	  1.2350000e+001	  1.0460000e+001	  8.6800003e+000	  7.0518999e+000	  5.4237995e+000	  3.9872403e+000	  2.6464520e+000	  1.4014341e+000	  1.5641618e-001	
  2.9450510e+001	  2.7180002e+001	  2.3240002e+001	  1.9950001e+001	  1.7040001e+001	  1.4580000e+001	  1.2350000e+001	  1.0460000e+001	  8.6800003e+000	  7.0563827e+000	  5.4327650e+000	  4.0001612e+000	  2.6630642e+000	  1.4214742e+000	  1.7988420e-001	
  2.9450510e+001	  2.7180002e+001	  2.3240002e+001	  1.9950001e+001	  1.7040001e+001	  1.4580000e+001	  1.2350000e+001	  1.0460000e+001	  8.6800003e+000	  7.0600209e+000	  5.4400415e+000	  4.0106478e+000	  2.6765471e+000	  1.4377393e+000	  1.9893146e-001	
  2.9450510e+001	  2.7180002e+001	  2.3240002e+001	  1.9950001e+001	  1.7040001e+001	  1.4580000e+001	  1.2350000e+001	  1.0460000e+001	  8.6800003e+000	  7.0481615e+000	  5.4163227e+000	  3.9764650e+000	  2.6325979e+000	  1.3847213e+000	  1.3684464e-001	
  2.9450510e+001	  2.7180002e+001	  2.3240002e+001	  1.9950001e+001	  1.7040001e+001	  1.4580000e+001	  1.2350000e+001	  1.0460000e+001	  8.6800003e+000	  7.0326796e+000	  5.3853588e+000	  3.9318404e+000	  2.5752232e+000	  1.3155073e+000	  5.5791378e-002	
  2.9450510e+001	  2.7180002e+001	  2.3240002e+001	  1.9950001e+001	  1.7040001e+001	  1.4580000e+001	  1.2350000e+001	  1.0460000e+001	  8.6800003e+000	  6.9994764e+000	  5.3189526e+000	  3.8361375e+000	  2.4521770e+000	  1.1670707e+000	 -1.1803555e-001	
  2.9450510e+001	  2.7180002e+001	  2.3240002e+001	  1.9950001e+001	  1.7040001e+001	  1.4580000e+001	  1.2350000e+001	  1.0460000e+001	  8.6800003e+000	  6.9504366e+000	  5.2208729e+000	  3.6947873e+000	  2.2704408e+000	  9.4783342e-001	 -3.7477398e-001	
  2.9450510e+001	  2.7180002e+001	  2.3240002e+001	  1.9950001e+001	  1.7040001e+001	  1.4580000e+001	  1.2350000e+001	  1.0460000e+001	  8.6800003e+000	  6.8927832e+000	  5.1055660e+000	  3.5286098e+000	  2.0567842e+000	  6.9008899e-001	 -6.7660618e-001	
  2.9450510e+001	  2.7180002e+001	  2.3240002e+001	  1.9950001e+001	  1.7040001e+001	  1.4580000e+001	  1.2350000e+001	  1.0460000e+001	  8.6800003e+000	  6.8471241e+000	  5.0142479e+000	  3.3970041e+000	  1.8875765e+000	  4.8596513e-001	 -9.1564620e-001	
  2.9450510e+001	  2.7180002e+001	  2.3240002e+001	  1.9950001e+001	  1.7040001e+001	  1.4580000e+001	  1.2350000e+001	  1.0460000e+001	  8.6800003e+000	  6.8028269e+000	  4.9256535e+000	  3.2693238e+000	  1.7234163e+000	  2.8793085e-001	 -1.1475546e+000	
  2.9450510e+001	  2.7180002e+001	  2.3240002e+001	  1.9950001e+001	  1.7040001e+001	  1.4580000e+001	  1.2350000e+001	  1.0460000e+001	  8.6800003e+000	  6.7429304e+000	  4.8058605e+000	  3.0966809e+000	  1.5014466e+000	  2.0157695e-002	 -1.4611312e+000	
  2.9450510e+001	  2.7180002e+001	  2.3240002e+001	  1.9950001e+001	  1.7040001e+001	  1.4580000e+001	  1.2350000e+001	  1.0460000e+001	  8.6800003e+000	  6.6957445e+000	  4.7114887e+000	  2.9606745e+000	  1.3265814e+000	 -1.9079089e-001	 -1.7081631e+000	
  2.9450510e+001	  2.7180002e+001	  2.3240002e+001	  1.9950001e+001	  1.7040001e+001	  1.4580000e+001	  1.2350000e+001	  1.0460000e+001	  8.6800003e+000	  6.6780081e+000	  4.6760159e+000	  2.9095519e+000	  1.2608522e+000	 -2.7008319e-001	 -1.8010186e+000	
  2.9450510e+001	  2.7180002e+001	  2.3240002e+001	  1.9950001e+001	  1.7040001e+001	  1.4580000e+001	  1.2350000e+001	  1.0460000e+001	  8.6800003e+000	  6.6538038e+000	  4.6276073e+000	  2.8397865e+000	  1.1711539e+000	 -3.7829053e-001	 -1.9277350e+000	
  2.9450510e+001	  2.7180002e+001	  2.3240002e+001	  1.9950001e+001	  1.7040001e+001	  1.4580000e+001	  1.2350000e+001	  1.0460000e+001	  8.6800003e+000	  6.6402903e+000	  4.6005802e+000	  2.8008361e+000	  1.1210748e+000	 -4.3870342e-001	 -1.9984816e+000	
  2.9450510e+001	  2.7180002e+001	  2.3240002e+001	  1.9950001e+001	  1.7040001e+001	  1.4580000e+001	  1.2350000e+001	  1.0460000e+001	  8.6800003e+000	  6.6538439e+000	  4.6276875e+000	  2.8399024e+000	  1.1713029e+000	 -3.7811077e-001	 -1.9275244e+000	
  2.9450510e+001	  2.7180002e+001	  2.3240002e+001	  1.9950001e+001	  1.7040001e+001	  1.4580000e+001	  1.2350000e+001	  1.0460000e+001	  8.6800003e+000	  6.6727238e+000	  4.6654472e+000	  2.8943207e+000	  1.2412694e+000	 -2.9370677e-001	 -1.8286829e+000	
  2.9450510e+001	  2.7180002e+001	  2.3240002e+001	  1.9950001e+001	  1.7040001e+001	  1.4580000e+001	  1.2350000e+001	  1.0460000e+001	  8.6800003e+000	  6.7045269e+000	  4.7290535e+000	  2.9859886e+000	  1.3591281e+000	 -1.5152800e-001	 -1.6621841e+000	
  2.9450510e+001	  2.7180002e+001	  2.3240002e+001	  1.9950001e+001	  1.7040001e+001	  1.4580000e+001	  1.2350000e+001	  1.0460000e+001	  8.6800003e+000	  6.7467256e+000	  4.8134508e+000	  3.1076202e+000	  1.5155118e+000	  3.7125349e-002	 -1.4412611e+000	
  2.9450510e+001	  2.7180002e+001	  2.3240002e+001	  1.9950001e+001	  1.7040001e+001	  1.4580000e+001	  1.2350000e+001	  1.0460000e+001	  8.6800003e+000	  6.7878737e+000	  4.8957472e+000	  3.2262239e+000	  1.6680021e+000	  2.2108197e-001	 -1.2258382e+000	
  2.9450510e+001	  2.7180002e+001	  2.3240002e+001	  1.9950001e+001	  1.7040001e+001	  1.4580000e+001	  1.2350000e+001	  1.0460000e+001	  8.6800003e+000	  6.8422713e+000	  5.0045424e+000	  3.3830166e+000	  1.8695927e+000	  4.6427047e-001	 -9.4105172e-001	
  2.9450510e+001	  2.7180002e+001	  2.3240002e+001	  1.9950001e+001	  1.7040001e+001	  1.4580000e+001	  1.2350000e+001	  1.0460000e+001	  8.6800003e+000	  6.8996053e+000	  5.1192102e+000	  3.5482736e+000	  2.0820661e+000	  7.2058773e-001	 -6.4089060e-001	
  2.9450510e+001	  2.7180002e+001	  2.3240002e+001	  1.9950001e+001	  1.7040001e+001	  1.4580000e+001	  1.2350000e+001	  1.0460000e+001	  8.6800003e+000	  6.9479027e+000	  5.2158051e+000	  3.6874838e+000	  2.2610507e+000	  9.3650568e-001	 -3.8803935e-001	
  2.9450510e+001	  2.7180002e+001	  2.3240002e+001	  1.9950001e+001	  1.7040001e+001	  1.4580000e+001	  1.2350000e+001	  1.0460000e+001	  8.6800003e+000	  6.9808788e+000	  5.2817574e+000	  3.7825325e+000	  2.3832560e+000	  1.0839279e+000	 -2.1540022e-001	
  2.9450510e+001	  2.7180002e+001	  2.3240002e+001	  1.9950001e+001	  1.7040001e+001	  1.4580000e+001	  1.2350000e+001	  1.0460000e+001	  8.6800003e+000	  7.0134406e+000	  5.3468809e+000	  3.8763871e+000	  2.5039263e+000	  1.2294984e+000	 -4.4929504e-002	
  2.9450510e+001	  2.7180002e+001	  2.3240002e+001	  1.9950001e+001	  1.7040001e+001	  1.4580000e+001	  1.2350000e+001	  1.0460000e+001	  8.6800003e+000	  7.0388722e+000	  5.3977442e+000	  3.9496899e+000	  2.5981727e+000	  1.3431925e+000	  8.8212252e-002	
  2.9450510e+001	  2.7180002e+001	  2.3240002e+001	  1.9950001e+001	  1.7040001e+001	  1.4580000e+001	  1.2350000e+001	  1.0460000e+001	  8.6800003e+000	  7.0491085e+000	  5.4182167e+000	  3.9791946e+000	  2.6361074e+000	  1.3889550e+000	  1.4180255e-001	
  2.9450510e+001	  2.7180002e+001	  2.3240002e+001	  1.9950001e+001	  1.7040001e+001	  1.4580000e+001	  1.2350000e+001	  1.0460000e+001	  8.6800003e+000	  7.0467734e+000	  5.4135466e+000	  3.9724641e+000	  2.6274538e+000	  1.3785158e+000	  1.2957788e-001	
  2.9450510e+001	  2.7180002e+001	  2.3240002e+001	  1.9950001e+001	  1.7040001e+001	  1.4580000e+001	  1.2350000e+001	  1.0460000e+001	  8.6800003e+000	  7.0237379e+000	  5.3674755e+000	  3.9060674e+000	  2.5420866e+000	  1.2755331e+000	  8.9795589e-003	
  2.9450510e+001	  2.7180002e+001	  2.3240002e+001	  1.9950001e+001	  1.7040001e+001	  1.4580000e+001	  1.2350000e+001	  1.0460000e+001	  8.6800003e+000	  6.9902258e+000	  5.3004513e+000	  3.8094738e+000	  2.4178948e+000	  1.1257144e+000	 -1.6646600e-001	
  2.9450510e+001	  2.7180002e+001	  2.3240002e+001	  1.9950001e+001	  1.7040001e+001	  1.4580000e+001	  1.2350000e+001	  1.0460000e+001	  8.6800003e+000	  6.9547505e+000	  5.2295008e+000	  3.7072215e+000	  2.2864275e+000	  9.6711886e-001	 -3.5218978e-001	
  2.9450510e+001	  2.7180002e+001	  2.3240002e+001	  1.9950001e+001	  1.7040001e+001	  1.4580000e+001	  1.2350000e+001	  1.0460000e+001	  8.6800003e+000	  6.9117751e+000	  5.1435499e+000	  3.5833511e+000	  2.1271656e+000	  7.7499330e-001	 -5.7717896e-001	
  2.9450510e+001	  2.7180002e+001	  2.3240002e+001	  1.9950001e+001	  1.7040001e+001	  1.4580000e+001	  1.2350000e+001	  1.0460000e+001	  8.6800003e+000	  6.8531318e+000	  5.0262632e+000	  3.4143205e+000	  1.9098406e+000	  5.1282370e-001	 -8.8419318e-001	
  2.9450510e+001	  2.7180002e+001	  2.3240002e+001	  1.9950001e+001	  1.7040001e+001	  1.4580000e+001	  1.2350000e+001	  1.0460000e+001	  8.6800003e+000	  6.7905865e+000	  4.9011726e+000	  3.2340429e+000	  1.6780552e+000	  2.3320949e-001	 -1.2116362e+000	
  2.9450510e+001	  2.7180002e+001	  2.3240002e+001	  1.9950001e+001	  1.7040001e+001	  1.4580000e+001	  1.2350000e+001	  1.0460000e+001	  8.6800003e+000	  6.7506032e+000	  4.8212061e+000	  3.1187968e+000	  1.5298817e+000	  5.4460526e-002	 -1.4209607e+000	
  2.9450510e+001	  2.7180002e+001	  2.3240002e+001	  1.9950001e+001	  1.7040001e+001	  1.4580000e+001	  1.2350000e+001	  1.0460000e+001	  8.6800003e+000	  6.7064919e+000	  4.7329836e+000	  2.9916525e+000	  1.3664103e+000	 -1.4274323e-001	 -1.6518967e+000	
  2.9450510e+001	  2.7180002e+001	  2.3240002e+001	  1.9950001e+001	  1.7040001e+001	  1.4580000e+001	  1.2350000e+001	  1.0460000e+001	  8.6800003e+000	  6.6584258e+000	  4.6368513e+000	  2.8531089e+000	  1.1882828e+000	 -3.5762703e-001	 -1.9035369e+000	
  2.9450510e+001	  2.7180002e+001	  2.3240002e+001	  1.9950001e+001	  1.7040001e+001	  1.4580000e+001	  1.2350000e+001	  1.0460000e+001	  8.6800003e+000	  6.6342144e+000	  4.5884285e+000	  2.7833235e+000	  1.0985589e+000	 -4.6586525e-001	 -2.0302894e+000	
  2.9450510e+001	  2.7180002e+001	  2.3240002e+001	  1.9950001e+001	  1.7040001e+001	  1.4580000e+001	  1.2350000e+001	  1.0460000e+001	  8.6800003e+000	  6.6310635e+000	  4.5821266e+000	  2.7742414e+000	  1.0868820e+000	 -4.7995174e-001	 -2.0467854e+000	
  2.9450510e+001	  2.7180002e+001	  2.3240002e+001	  1.9950001e+001	  1.7040001e+001	  1.4580000e+001	  1.2350000e+001	  1.0460000e+001	  8.6800003e+000	  6.6278400e+000	  4.5756798e+000	  2.7649503e+000	  1.0749360e+000	 -4.9436283e-001	 -2.0636616e+000	
  2.9450510e+001	  2.7180002e+001	  2.3240002e+001	  1.9950001e+001	  1.7040001e+001	  1.4580000e+001	  1.2350000e+001	  1.0460000e+001	  8.6800003e+000	  6.6332555e+000	  4.5865107e+000	  2.7805595e+000	  1.0950050e+000	 -4.7015262e-001	 -2.0353103e+000	
  2.9450510e+001	  2.7180002e+001	  2.3240002e+001	  1.9950001e+001	  1.7040001e+001	  1.4580000e+001	  1.2350000e+001	  1.0460000e+001	  8.6800003e+000	  6.6597948e+000	  4.6395893e+000	  2.8570547e+000	  1.1933559e+000	 -3.5150719e-001	 -1.8963703e+000	
  2.9450510e+001	  2.7180002e+001	  2.3240002e+001	  1.9950001e+001	  1.7040001e+001	  1.4580000e+001	  1.2350000e+001	  1.0460000e+001	  8.6800003e+000	  6.6970792e+000	  4.7141581e+000	  2.9645214e+000	  1.3315275e+000	 -1.8482399e-001	 -1.7011755e+000	
  2.9450510e+001	  2.7180002e+001	  2.3240002e+001	  1.9950001e+001	  1.7040001e+001	  1.4580000e+001	  1.2350000e+001	  1.0460000e+001	  8.6800003e+000	  6.7478232e+000	  4.8156462e+000	  3.1107841e+000	  1.5195795e+000	  4.2032480e-002	 -1.4355146e+000	
  2.9450510e+001	  2.7180002e+001	  2.3240002e+001	  1.9950001e+001	  1.7040001e+001	  1.4580000e+001	  1.2350000e+001	  1.0460000e+001	  8.6800003e+000	  6.7880807e+000	  4.8961611e+000	  3.2268202e+000	  1.6687688e+000	  2.2200680e-001	 -1.2247552e+000	
  2.9450510e+001	  2.7180002e+001	  2.3240002e+001	  1.9950001e+001	  1.7040001e+001	  1.4580000e+001	  1.2350000e+001	  1.0460000e+001	  8.6800003e+000	  6.8363237e+000	  4.9926472e+000	  3.3658733e+000	  1.8475512e+000	  4.3768084e-001	 -9.7218955e-001	
  2.9450510e+001	  2.7180002e+001	  2.3240002e+001	  1.9950001e+001	  1.7040001e+001	  1.4580000e+001	  1.2350000e+001	  1.0460000e+001	  8.6800003e+000	  6.9028726e+000	  5.1257448e+000	  3.5576906e+000	  2.0941734e+000	  7.3519337e-001	 -6.2378669e-001	
  2.9450510e+001	  2.7180002e+001	  2.3240002e+001	  1.9950001e+001	  1.7040001e+001	  1.4580000e+001	  1.2350000e+001	  1.0460000e+001	  8.6800003e+000	  6.9573107e+000	  5.2346210e+000	  3.7146006e+000	  2.2959151e+000	  9.7856426e-001	 -3.3878660e-001	
  2.9450510e+001	  2.7180002e+001	  2.3240002e+001	  1.9950001e+001	  1.7040001e+001	  1.4580000e+001	  1.2350000e+001	  1.0460000e+001	  8.6800003e+000	  6.9905033e+000	  5.3010063e+000	  3.8102734e+000	  2.4189229e+000	  1.1269544e+000	 -1.6501403e-001	
  2.9450510e+001	  2.7180002e+001	  2.3240002e+001	  1.9950001e+001	  1.7040001e+001	  1.4580000e+001	  1.2350000e+001	  1.0460000e+001	  8.6800003e+000	  7.0167890e+000	  5.3535776e+000	  3.8860383e+000	  2.5163350e+000	  1.2444677e+000	 -2.7399540e-002	
  2.9450510e+001	  2.7180002e+001	  2.3240002e+001	  1.9950001e+001	  1.7040001e+001	  1.4580000e+001	  1.2350000e+001	  1.0460000e+001	  8.6800003e+000	  7.0364208e+000	  5.3928413e+000	  3.9426241e+000	  2.5890880e+000	  1.3322331e+000	  7.5378180e-002	
  2.9450510e+001	  2.7180002e+001	  2.3240002e+001	  1.9950001e+001	  1.7040001e+001	  1.4580000e+001	  1.2350000e+001	  1.0460000e+001	  8.6800003e+000	  7.0473561e+000	  5.4147120e+000	  3.9741435e+000	  2.6296132e+000	  1.3811207e+000	  1.3262820e-001	
  2.9450510e+001	  2.7180002e+001	  2.3240002e+001	  1.9950001e+001	  1.7040001e+001	  1.4580000e+001	  1.2350000e+001	  1.0460000e+001	  8.6800003e+000	  7.0513248e+000	  5.4226494e+000	  3.9855828e+000	  2.6443205e+000	  1.3988627e+000	  1.5340495e-001	
  2.9450510e+001	  2.7180002e+001	  2.3240002e+001	  1.9950001e+001	  1.7040001e+001	  1.4580000e+001	  1.2350000e+001	  1.0460000e+001	  8.6800003e+000	  7.0360909e+000	  5.3921814e+000	  3.9416728e+000	  2.5878649e+000	  1.3307576e+000	  7.3650360e-002	
  2.9450510e+001	  2.7180002e+001	  2.3240002e+001	  1.9950001e+001	  1.7040001e+001	  1.4580000e+001	  1.2350000e+001	  1.0460000e+001	  8.6800003e+000	  6.9982710e+000	  5.3165417e+000	  3.8326631e+000	  2.4477096e+000	  1.1616815e+000	 -1.2434649e-001	
  2.9450510e+001	  2.7180002e+001	  2.3240002e+001	  1.9950001e+001	  1.7040001e+001	  1.4580000e+001	  1.2350000e+001	  1.0460000e+001	  8.6800003e+000	  6.9586511e+000	  5.2373018e+000	  3.7184639e+000	  2.3008821e+000	  9.8455620e-001	 -3.3176970e-001	
  2.9450510e+001	  2.7180002e+001	  2.3240002e+001	  1.9950001e+001	  1.7040001e+001	  1.4580000e+001	  1.2350000e+001	  1.0460000e+001	  8.6800003e+000	  6.9220333e+000	  5.1640663e+000	  3.6129193e+000	  2.1651821e+000	  8.2085466e-001	 -5.2347279e-001	
  2.9450510e+001	  2.7180002e+001	  2.3240002e+001	  1.9950001e+001	  1.7040001e+001	  1.4580000e+001	  1.2350000e+001	  1.0460000e+001	  8.6800003e+000	  6.8768148e+000	  5.0736294e+000	  3.4825833e+000	  1.9976070e+000	  6.1870050e-001	 -7.6020598e-001	
  2.9450510e+001	  2.7180002e+001	  2.3240002e+001	  1.9950001e+001	  1.7040001e+001	  1.4580000e+001	  1.2350000e+001	  1.0460000e+001	  8.6800003e+000	  6.8187065e+000	  4.9574127e+000	  3.3150945e+000	  1.7822642e+000	  3.5892189e-001	 -1.0644205e+000	
  2.9450510e+001	  2.7180002e+001	  2.3240002e+001	  1.9950001e+001	  1.7040001e+001	  1.4580000e+001	  1.2350000e+001	  1.0460000e+001	  8.6800003e+000	  6.7635646e+000	  4.8471289e+000	  3.1561561e+000	  1.5779150e+000	  1.1240542e-001	 -1.3531041e+000	
  2.9450510e+001	  2.7180002e+001	  2.3240002e+001	  1.9950001e+001	  1.7040001e+001	  1.4580000e+001	  1.2350000e+001	  1.0460000e+001	  8.6800003e+000	  6.7357016e+000	  4.7914028e+000	  3.0758450e+000	  1.4746578e+000	 -1.2158871e-002	 -1.4989755e+000	
  2.9450510e+001	  2.7180002e+001	  2.3240002e+001	  1.9950001e+001	  1.7040001e+001	  1.4580000e+001	  1.2350000e+001	  1.0460000e+001	  8.6800003e+000	  6.7105622e+000	  4.7411242e+000	  3.0033846e+000	  1.3814944e+000	 -1.2454641e-001	 -1.6305872e+000	
  2.9450510e+001	  2.7180002e+001	  2.3240002e+001	  1.9950001e+001	  1.7040001e+001	  1.4580000e+001	  1.2350000e+001	  1.0460000e+001	  8.6800003e+000	  6.6751547e+000	  4.6703091e+000	  2.9013274e+000	  1.2502779e+000	 -2.8283954e-001	 -1.8159570e+000	
  2.9450510e+001	  2.7180002e+001	  2.3240002e+001	  1.9950001e+001	  1.7040001e+001	  1.4580000e+001	  1.2350000e+001	  1.0460000e+001	  8.6800003e+000	  6.6596689e+000	  4.6393375e+000	  2.8566923e+000	  1.1928900e+000	 -3.5206914e-001	 -1.8970283e+000	
  2.9450510e+001	  2.7180002e+001	  2.3240002e+001	  1.9950001e+001	  1.7040001e+001	  1.4580000e+001	  1.2350000e+001	  1.0460000e+001	  8.6800003e+000	  6.6716995e+000	  4.6633987e+000	  2.8913684e+000	  1.2374734e+000	 -2.9828620e-001	 -1.8340458e+000	
  2.9450510e+001	  2.7180002e+001	  2.3240002e+001	  1.9950001e+001	  1.7040001e+001	  1.4580000e+001	  1.2350000e+001	  1.0460000e+001	  8.6800003e+000	  6.6802201e+000	  4.6804399e+000	  2.9159279e+000	  1.2690501e+000	 -2.6019347e-001	 -1.7894371e+000	
  2.9450510e+001	  2.7180002e+001	  2.3240002e+001	  1.9950001e+001	  1.7040001e+001	  1.4580000e+001	  1.2350000e+001	  1.0460000e+001	  8.6800003e+000	  6.6982102e+000	  4.7164202e+000	  2.9677818e+000	  1.3357193e+000	 -1.7976713e-001	 -1.6952536e+000	
  2.9450510e+001	  2.7180002e+001	  2.3240002e+001	  1.9950001e+001	  1.7040001e+001	  1.4580000e+001	  1.2350000e+001	  1.0460000e+001	  8.6800003e+000	  6.7355757e+000	  4.7911510e+000	  3.0754819e+000	  1.4741910e+000	 -1.2722015e-002	 -1.4996350e+000	
  2.9450510e+001	  2.7180002e+001	  2.3240002e+001	  1.9950001e+001	  1.7040001e+001	  1.4580000e+001	  1.2350000e+001	  1.0460000e+001	  8.6800003e+000	  6.7800903e+000	  4.8801804e+000	  3.2037892e+000	  1.6391574e+000	  1.8628502e-001	 -1.2665874e+000	
  2.9450510e+001	  2.7180002e+001	  2.3240002e+001	  1.9950001e+001	  1.7040001e+001	  1.4580000e+001	  1.2350000e+001	  1.0460000e+001	  8.6800003e+000	  6.8223286e+000	  4.9646568e+000	  3.3255343e+000	  1.7956870e+000	  3.7511444e-001	 -1.0454581e+000	
  2.9450510e+001	  2.7180002e+001	  2.3240002e+001	  1.9950001e+001	  1.7040001e+001	  1.4580000e+001	  1.2350000e+001	  1.0460000e+001	  8.6800003e+000	  6.8677225e+000	  5.0554447e+000	  3.4563758e+000	  1.9639117e+000	  5.7805204e-001	 -8.0780756e-001	
  2.9450510e+001	  2.7180002e+001	  2.3240002e+001	  1.9950001e+001	  1.7040001e+001	  1.4580000e+001	  1.2350000e+001	  1.0460000e+001	  8.6800003e+000	  6.9102440e+000	  5.1404877e+000	  3.5789380e+000	  2.1214914e+000	  7.6814830e-001	 -5.8519483e-001	
  2.9450510e+001	  2.7180002e+001	  2.3240002e+001	  1.9950001e+001	  1.7040001e+001	  1.4580000e+001	  1.2350000e+001	  1.0460000e+001	  8.6800003e+000	  6.9554691e+000	  5.2309380e+000	  3.7092924e+000	  2.2890902e+000	  9.7033095e-001	 -3.4842825e-001	
  2.9450510e+001	  2.7180002e+001	  2.3240002e+001	  1.9950001e+001	  1.7040001e+001	  1.4580000e+001	  1.2350000e+001	  1.0460000e+001	  8.6800003e+000	  6.9931479e+000	  5.3062954e+000	  3.8178961e+000	  2.4287233e+000	  1.1387774e+000	 -1.5116858e-001	
  2.9450510e+001	  2.7180002e+001	  2.3240002e+001	  1.9950001e+001	  1.7040001e+001	  1.4580000e+001	  1.2350000e+001	  1.0460000e+001	  8.6800003e+000	  7.0213957e+000	  5.3627911e+000	  3.8993165e+000	  2.5334072e+000	  1.2650627e+000	 -3.2818317e-003	
  2.9450510e+001	  2.7180002e+001	  2.3240002e+001	  1.9950001e+001	  1.7040001e+001	  1.4580000e+001	  1.2350000e+001	  1.0460000e+001	  8.6800003e+000	  7.0308275e+000	  5.3816547e+000	  3.9265022e+000	  2.5683599e+000	  1.3072276e+000	  4.6095371e-002	
  2.9450510e+001	  2.7180002e+001	  2.3240002e+001	  1.9950001e+001	  1.7040001e+001	  1.4580000e+001	  1.2350000e+001	  1.0460000e+001	  8.6800003e+000	  7.0225754e+000	  5.3651505e+000	  3.9027166e+000	  2.5377784e+000	  1.2703358e+000	  2.8932095e-003	
  2.9450510e+001	  2.7180002e+001	  2.3240002e+001	  1.9950001e+001	  1.7040001e+001	  1.4580000e+001	  1.2350000e+001	  1.0460000e+001	  8.6800003e+000	  7.0121613e+000	  5.3443222e+000	  3.8726997e+000	  2.4991856e+000	  1.2237794e+000	 -5.1626682e-002	
  2.9450510e+001	  2.7180002e+001	  2.3240002e+001	  1.9950001e+001	  1.7040001e+001	  1.4580000e+001	  1.2350000e+001	  1.0460000e+001	  8.6800003e+000	  6.9935131e+000	  5.3070259e+000	  3.8189492e+000	  2.4300776e+000	  1.1404111e+000	 -1.4925528e-001	
  2.9450510e+001	  2.7180002e+001	  2.3240002e+001	  1.9950001e+001	  1.7040001e+001	  1.4580000e+001	  1.2350000e+001	  1.0460000e+001	  8.6800003e+000	  6.9602399e+000	  5.2404795e+000	  3.7230439e+000	  2.3067708e+000	  9.9166000e-001	 -3.2345080e-001	
  2.9450510e+001	  2.7180002e+001	  2.3240002e+001	  1.9950001e+001	  1.7040001e+001	  1.4580000e+001	  1.2350000e+001	  1.0460000e+001	  8.6800003e+000	  6.9165630e+000	  5.1531258e+000	  3.5971515e+000	  2.1449089e+000	  7.9639792e-001	 -5.5211306e-001	
  2.9450510e+001	  2.7180002e+001	  2.3240002e+001	  1.9950001e+001	  1.7040001e+001	  1.4580000e+001	  1.2350000e+001	  1.0460000e+001	  8.6800003e+000	  6.8700166e+000	  5.0600328e+000	  3.4629884e+000	  1.9724137e+000	  5.8830857e-001	 -7.9579651e-001	
  2.9450510e+001	  2.7180002e+001	  2.3240002e+001	  1.9950001e+001	  1.7040001e+001	  1.4580000e+001	  1.2350000e+001	  1.0460000e+001	  8.6800003e+000	  6.8271904e+000	  4.9743805e+000	  3.3395481e+000	  1.8137046e+000	  3.9684999e-001	 -1.0200046e+000	
  2.9450510e+001	  2.7180002e+001	  2.3240002e+001	  1.9950001e+001	  1.7040001e+001	  1.4580000e+001	  1.2350000e+001	  1.0460000e+001	  8.6800003e+000	  6.7827654e+000	  4.8855305e+000	  3.2114997e+000	  1.6490711e+000	  1.9824469e-001	 -1.2525817e+000	
  2.9450510e+001	  2.7180002e+001	  2.3240002e+001	  1.9950001e+001	  1.7040001e+001	  1.4580000e+001	  1.2350000e+001	  1.0460000e+001	  8.6800003e+000	  6.7265644e+000	  4.7731285e+000	  3.0495086e+000	  1.4407967e+000	 -5.3007126e-002	 -1.5468110e+000	
  2.9450510e+001	  2.7180002e+001	  2.3240002e+001	  1.9950001e+001	  1.7040001e+001	  1.4580000e+001	  1.2350000e+001	  1.0460000e+001	  8.6800003e+000	  6.6871657e+000	  4.6943312e+000	  2.9359479e+000	  1.2947901e+000	 -2.2914195e-001	 -1.7530740e+000	
  2.9450510e+001	  2.7180002e+001	  2.3240002e+001	  1.9950001e+001	  1.7040001e+001	  1.4580000e+001	  1.2350000e+001	  1.0460000e+001	  8.6800003e+000	  6.6713276e+000	  4.6626549e+000	  2.8902967e+000	  1.2360958e+000	 -2.9994786e-001	 -1.8359915e+000	
  2.9450510e+001	  2.7180002e+001	  2.3240002e+001	  1.9950001e+001	  1.7040001e+001	  1.4580000e+001	  1.2350000e+001	  1.0460000e+001	  8.6800003e+000	  6.6450686e+000	  4.6101370e+000	  2.8146091e+000	  1.1387830e+000	 -4.1734123e-001	 -1.9734654e+000	
  2.9450510e+001	  2.7180002e+001	  2.3240002e+001	  1.9950001e+001	  1.7040001e+001	  1.4580000e+001	  1.2350000e+001	  1.0460000e+001	  8.6800003e+000	  6.6336327e+000	  4.5872650e+000	  2.7816463e+000	  1.0964020e+000	 -4.6846747e-001	 -2.0333371e+000	
  2.9450510e+001	  2.7180002e+001	  2.3240002e+001	  1.9950001e+001	  1.7040001e+001	  1.4580000e+001	  1.2350000e+001	  1.0460000e+001	  8.6800003e+000	  6.6528559e+000	  4.6257114e+000	  2.8370543e+000	  1.1676410e+000	 -3.8252831e-001	 -1.9326977e+000	
  2.9450510e+001	  2.7180002e+001	  2.3240002e+001	  1.9950001e+001	  1.7040001e+001	  1.4580000e+001	  1.2350000e+001	  1.0460000e+001	  8.6800003e+000	  6.6662397e+000	  4.6524792e+000	  2.8756318e+000	  1.2172409e+000	 -3.2269335e-001	 -1.8626276e+000	
  2.9450510e+001	  2.7180002e+001	  2.3240002e+001	  1.9950001e+001	  1.7040001e+001	  1.4580000e+001	  1.2350000e+001	  1.0460000e+001	  8.6800003e+000	  6.6788526e+000	  4.6777048e+000	  2.9119861e+000	  1.2639821e+000	 -2.6630735e-001	 -1.7965968e+000	
  2.9450510e+001	  2.7180002e+001	  2.3240002e+001	  1.9950001e+001	  1.7040001e+001	  1.4580000e+001	  1.2350000e+001	  1.0460000e+001	  8.6800003e+000	  6.7218232e+000	  4.7636461e+000	  3.0358429e+000	  1.4232266e+000	 -7.4202776e-002	 -1.5716321e+000	
  2.9450510e+001	  2.7180002e+001	  2.3240002e+001	  1.9950001e+001	  1.7040001e+001	  1.4580000e+001	  1.2350000e+001	  1.0460000e+001	  8.6800003e+000	  6.7765522e+000	  4.8731041e+000	  3.1935909e+000	  1.6260452e+000	  1.7046726e-001	 -1.2851107e+000	
  2.9450510e+001	  2.7180002e+001	  2.3240002e+001	  1.9950001e+001	  1.7040001e+001	  1.4580000e+001	  1.2350000e+001	  1.0460000e+001	  8.6800003e+000	  6.8206887e+000	  4.9613771e+000	  3.3208082e+000	  1.7896105e+000	  3.6778414e-001	 -1.0540422e+000	
  2.9450510e+001	  2.7180002e+001	  2.3240002e+001	  1.9950001e+001	  1.7040001e+001	  1.4580000e+001	  1.2350000e+001	  1.0460000e+001	  8.6800003e+000	  6.8610783e+000	  5.0421562e+000	  3.4372249e+000	  1.9392889e+000	  5.4834831e-001	 -8.4259224e-001	
  2.9450510e+001	  2.7180002e+001	  2.3240002e+001	  1.9950001e+001	  1.7040001e+001	  1.4580000e+001	  1.2350000e+001	  1.0460000e+001	  8.6800003e+000	  6.9077449e+000	  5.1354895e+000	  3.5717347e+000	  2.1122303e+000	  7.5697625e-001	 -5.9827781e-001	
  2.9450510e+001	  2.7180002e+001	  2.3240002e+001	  1.9950001e+001	  1.7040001e+001	  1.4580000e+001	  1.2350000e+001	  1.0460000e+001	  8.6800003e+000	  6.9534183e+000	  5.2268362e+000	  3.7033815e+000	  2.2814906e+000	  9.6116328e-001	 -3.5916400e-001	
  2.9450510e+001	  2.7180002e+001	  2.3240002e+001	  1.9950001e+001	  1.7040001e+001	  1.4580000e+001	  1.2350000e+001	  1.0460000e+001	  8.6800003e+000	  6.9969711e+000	  5.3139420e+000	  3.8289163e+000	  2.4428926e+000	  1.1558704e+000	 -1.3115168e-001	
  2.9450510e+001	  2.7180002e+001	  2.3240002e+001	  1.9950001e+001	  1.7040001e+001	  1.4580000e+001	  1.2350000e+001	  1.0460000e+001	  8.6800003e+000	  7.0203652e+000	  5.3607302e+000	  3.8963463e+000	  2.5295882e+000	  1.2604556e+000	 -8.6770058e-003	
  2.9450510e+001	  2.7180002e+001	  2.3240002e+001	  1.9950001e+001	  1.7040001e+001	  1.4580000e+001	  1.2350000e+001	  1.0460000e+001	  8.6800003e+000	  7.0336576e+000	  5.3873148e+000	  3.9346592e+000	  2.5788474e+000	  1.3198793e+000	  6.0911179e-002	
  2.9450510e+001	  2.7180002e+001	  2.3240002e+001	  1.9950001e+001	  1.7040001e+001	  1.4580000e+001	  1.2350000e+001	  1.0460000e+001	  8.6800003e+000	  7.0292211e+000	  5.3784418e+000	  3.9218717e+000	  2.5624065e+000	  1.3000460e+000	  3.7685394e-002	
  2.9450510e+001	  2.7180002e+001	  2.3240002e+001	  1.9950001e+001	  1.7040001e+001	  1.4580000e+001	  1.2350000e+001	  1.0460000e+001	  8.6800003e+000	  7.0242791e+000	  5.3685579e+000	  3.9076276e+000	  2.5440927e+000	  1.2779531e+000	  1.1813641e-002	
  2.9450510e+001	  2.7180002e+001	  2.3240002e+001	  1.9950001e+001	  1.7040001e+001	  1.4580000e+001	  1.2350000e+001	  1.0460000e+001	  8.6800003e+000	  7.0097070e+000	  5.3394136e+000	  3.8656254e+000	  2.4900897e+000	  1.2128065e+000	 -6.4476728e-002	
  2.9450510e+001	  2.7180002e+001	  2.3240002e+001	  1.9950001e+001	  1.7040001e+001	  1.4580000e+001	  1.2350000e+001	  1.0460000e+001	  8.6800003e+000	  6.9824314e+000	  5.2848625e+000	  3.7870076e+000	  2.3890095e+000	  1.0908686e+000	 -2.0727229e-001	
  2.9450510e+001	  2.7180002e+001	  2.3240002e+001	  1.9950001e+001	  1.7040001e+001	  1.4580000e+001	  1.2350000e+001	  1.0460000e+001	  8.6800003e+000	  6.9420247e+000	  5.2040491e+000	  3.6705413e+000	  2.2392673e+000	  9.1022730e-001	 -4.1881275e-001	
  2.9450510e+001	  2.7180002e+001	  2.3240002e+001	  1.9950001e+001	  1.7040001e+001	  1.4580000e+001	  1.2350000e+001	  1.0460000e+001	  8.6800003e+000	  6.8957243e+000	  5.1114483e+000	  3.5370870e+000	  2.0676832e+000	  7.0323694e-001	 -6.6120934e-001	
  2.9450510e+001	  2.7180002e+001	  2.3240002e+001	  1.9950001e+001	  1.7040001e+001	  1.4580000e+001	  1.2350000e+001	  1.0460000e+001	  8.6800003e+000	  6.8582325e+000	  5.0364647e+000	  3.4290223e+000	  1.9287428e+000	  5.3562605e-001	 -8.5749066e-001	
  2.9450510e+001	  2.7180002e+001	  2.3240002e+001	  1.9950001e+001	  1.7040001e+001	  1.4580000e+001	  1.2350000e+001	  1.0460000e+001	  8.6800003e+000	  6.8195839e+000	  4.9591675e+000	  3.3176236e+000	  1.7855161e+000	  3.6284506e-001	 -1.0598260e+000	
  2.9450510e+001	  2.7180002e+001	  2.3240002e+001	  1.9950001e+001	  1.7040001e+001	  1.4580000e+001	  1.2350000e+001	  1.0460000e+001	  8.6800003e+000	  6.7706313e+000	  4.8612623e+000	  3.1765249e+000	  1.6041033e+000	  1.4399767e-001	 -1.3161080e+000	
  2.9450510e+001	  2.7180002e+001	  2.3240002e+001	  1.9950001e+001	  1.7040001e+001	  1.4580000e+001	  1.2350000e+001	  1.0460000e+001	  8.6800003e+000	  6.7284470e+000	  4.7768936e+000	  3.0549345e+000	  1.4477729e+000	 -4.4591427e-002	 -1.5369557e+000	
  2.9450510e+001	  2.7180002e+001	  2.3240002e+001	  1.9950001e+001	  1.7040001e+001	  1.4580000e+001	  1.2350000e+001	  1.0460000e+001	  8.6800003e+000	  6.7173729e+000	  4.7547455e+000	  3.0230153e+000	  1.4067338e+000	 -9.4098926e-002	 -1.5949316e+000	
  2.9450510e+001	  2.7180002e+001	  2.3240002e+001	  1.9950001e+001	  1.7040001e+001	  1.4580000e+001	  1.2350000e+001	  1.0460000e+001	  8.6800003e+000	  6.6992459e+000	  4.7184916e+000	  2.9707670e+000	  1.3395575e+000	 -1.7513692e-001	 -1.6898314e+000	
  2.9450510e+001	  2.7180002e+001	  2.3240002e+001	  1.9950001e+001	  1.7040001e+001	  1.4580000e+001	  1.2350000e+001	  1.0460000e+001	  8.6800003e+000	  6.6769485e+000	  4.6738968e+000	  2.9064980e+000	  1.2569259e+000	 -2.7481949e-001	 -1.8065649e+000	
  2.9450510e+001	  2.7180002e+001	  2.3240002e+001	  1.9950001e+001	  1.7040001e+001	  1.4580000e+001	  1.2350000e+001	  1.0460000e+001	  8.6800003e+000	  6.6829128e+000	  4.6858253e+000	  2.9236889e+000	  1.2790284e+000	 -2.4815631e-001	 -1.7753410e+000	
  2.9450510e+001	  2.7180002e+001	  2.3240002e+001	  1.9950001e+001	  1.7040001e+001	  1.4580000e+001	  1.2350000e+001	  1.0460000e+001	  8.6800003e+000	  6.7084980e+000	  4.7369957e+000	  2.9974349e+000	  1.3738449e+000	 -1.3377440e-001	 -1.6413937e+000	
  2.9450510e+001	  2.7180002e+001	  2.3240002e+001	  1.9950001e+001	  1.7040001e+001	  1.4580000e+001	  1.2350000e+001	  1.0460000e+001	  8.6800003e+000	  6.7283125e+000	  4.7766247e+000	  3.0545473e+000	  1.4472752e+000	 -4.5191765e-002	 -1.5376587e+000	
  2.9450510e+001	  2.7180002e+001	  2.3240002e+001	  1.9950001e+001	  1.7040001e+001	  1.4580000e+001	  1.2350000e+001	  1.0460000e+001	  8.6800003e+000	  6.7535825e+000	  4.8271646e+000	  3.1273842e+000	  1.5409225e+000	  6.7779541e-002	 -1.4053634e+000	
  2.9450510e+001	  2.7180002e+001	  2.3240002e+001	  1.9950001e+001	  1.7040001e+001	  1.4580000e+001	  1.2350000e+001	  1.0460000e+001	  8.6800003e+000	  6.7909698e+000	  4.9019394e+000	  3.2351480e+000	  1.6794759e+000	  2.3492336e-001	 -1.2096292e+000	
  2.9450510e+001	  2.7180002e+001	  2.3240002e+001	  1.9950001e+001	  1.7040001e+001	  1.4580000e+001	  1.2350000e+001	  1.0460000e+001	  8.6800003e+000	  6.8371696e+000	  4.9943390e+000	  3.3683119e+000	  1.8506868e+000	  4.4146347e-001	 -9.6775985e-001	
  2.9450510e+001	  2.7180002e+001	  2.3240002e+001	  1.9950001e+001	  1.7040001e+001	  1.4580000e+001	  1.2350000e+001	  1.0460000e+001	  8.6800003e+000	  6.8858175e+000	  5.0916348e+000	  3.5085325e+000	  2.0309706e+000	  6.5894866e-001	 -7.1307325e-001	
  2.9450510e+001	  2.7180002e+001	  2.3240002e+001	  1.9950001e+001	  1.7040001e+001	  1.4580000e+001	  1.2350000e+001	  1.0460000e+001	  8.6800003e+000	  6.9154978e+000	  5.1509953e+000	  3.5940814e+000	  2.1409619e+000	  7.9163671e-001	 -5.5768847e-001	
  2.9450510e+001	  2.7180002e+001	  2.3240002e+001	  1.9950001e+001	  1.7040001e+001	  1.4580000e+001	  1.2350000e+001	  1.0460000e+001	  8.6800003e+000	  6.9472361e+000	  5.2144718e+000	  3.6855621e+000	  2.2585797e+000	  9.3352461e-001	 -3.9153051e-001	
  2.9450510e+001	  2.7180002e+001	  2.3240002e+001	  1.9950001e+001	  1.7040001e+001	  1.4580000e+001	  1.2350000e+001	  1.0460000e+001	  8.6800003e+000	  6.9754095e+000	  5.2708187e+000	  3.7667680e+000	  2.3629875e+000	  1.0594771e+000	 -2.4403334e-001	
  2.9450510e+001	  2.7180002e+001	  2.3240002e+001	  1.9950001e+001	  1.7040001e+001	  1.4580000e+001	  1.2350000e+001	  1.0460000e+001	  8.6800003e+000	  6.9999533e+000	  5.3199062e+000	  3.8375120e+000	  2.4539442e+000	  1.1692026e+000	 -1.1553907e-001	
  2.9450510e+001	  2.7180002e+001	  2.3240002e+001	  1.9950001e+001	  1.7040001e+001	  1.4580000e+001	  1.2350000e+001	  1.0460000e+001	  8.6800003e+000	  7.0119667e+000	  5.3439331e+000	  3.8721387e+000	  2.4984641e+000	  1.2229091e+000	 -5.2645922e-002	
  2.9450510e+001	  2.7180002e+001	  2.3240002e+001	  1.9950001e+001	  1.7040001e+001	  1.4580000e+001	  1.2350000e+001	  1.0460000e+001	  8.6800003e+000	  7.0128984e+000	  5.3457966e+000	  3.8748240e+000	  2.5019164e+000	  1.2270738e+000	 -4.7768831e-002	
  2.9450510e+001	  2.7180002e+001	  2.3240002e+001	  1.9950001e+001	  1.7040001e+001	  1.4580000e+001	  1.2350000e+001	  1.0460000e+001	  8.6800003e+000	  6.9897261e+000	  5.2994518e+000	  3.8080335e+000	  2.4160430e+000	  1.1234806e+000	 -1.6908193e-001	
  2.9450510e+001	  2.7180002e+001	  2.3240002e+001	  1.9950001e+001	  1.7040001e+001	  1.4580000e+001	  1.2350000e+001	  1.0460000e+001	  8.6800003e+000	  6.9657087e+000	  5.2514172e+000	  3.7388067e+000	  2.3270373e+000	  1.0161085e+000	 -2.9482031e-001	
  2.9450510e+001	  2.7180002e+001	  2.3240002e+001	  1.9950001e+001	  1.7040001e+001	  1.4580000e+001	  1.2350000e+001	  1.0460000e+001	  8.6800003e+000	  6.9394207e+000	  5.1988411e+000	  3.6630354e+000	  2.2296166e+000	  8.9858508e-001	 -4.3244648e-001	
  2.9450510e+001	  2.7180002e+001	  2.3240002e+001	  1.9950001e+001	  1.7040001e+001	  1.4580000e+001	  1.2350000e+001	  1.0460000e+001	  8.6800003e+000	  6.9032149e+000	  5.1264296e+000	  3.5586777e+000	  2.0954428e+000	  7.3672462e-001	 -6.2199354e-001	
  2.9450510e+001	  2.7180002e+001	  2.3240002e+001	  1.9950001e+001	  1.7040001e+001	  1.4580000e+001	  1.2350000e+001	  1.0460000e+001	  8.6800003e+000	  6.8559914e+000	  5.0319824e+000	  3.4225628e+000	  1.9204379e+000	  5.2560771e-001	 -8.6922252e-001	
  2.9450510e+001	  2.7180002e+001	  2.3240002e+001	  1.9950001e+001	  1.7040001e+001	  1.4580000e+001	  1.2350000e+001	  1.0460000e+001	  8.6800003e+000	  6.8097234e+000	  4.9394464e+000	  3.2892017e+000	  1.7489736e+000	  3.1876183e-001	 -1.1114500e+000	
  2.9450510e+001	  2.7180002e+001	  2.3240002e+001	  1.9950001e+001	  1.7040001e+001	  1.4580000e+001	  1.2350000e+001	  1.0460000e+001	  8.6800003e+000	  6.7767859e+000	  4.8735714e+000	  3.1942644e+000	  1.6269112e+000	  1.7151177e-001	 -1.2838876e+000	
  2.9450510e+001	  2.7180002e+001	  2.3240002e+001	  1.9950001e+001	  1.7040001e+001	  1.4580000e+001	  1.2350000e+001	  1.0460000e+001	  8.6800003e+000	  6.7370787e+000	  4.7941570e+000	  3.0798144e+000	  1.4797615e+000	 -6.0018301e-003	 -1.4917651e+000	
  2.9450510e+001	  2.7180002e+001	  2.3240002e+001	  1.9950001e+001	  1.7040001e+001	  1.4580000e+001	  1.2350000e+001	  1.0460000e+001	  8.6800003e+000	  6.6896439e+000	  4.6992874e+000	  2.9430904e+000	  1.3039734e+000	 -2.1806371e-001	 -1.7401009e+000	
  2.9450510e+001	  2.7180002e+001	  2.3240002e+001	  1.9950001e+001	  1.7040001e+001	  1.4580000e+001	  1.2350000e+001	  1.0460000e+001	  8.6800003e+000	  6.6732240e+000	  4.6664476e+000	  2.8957624e+000	  1.2431232e+000	 -2.9147041e-001	 -1.8260640e+000	
  2.9450510e+001	  2.7180002e+001	  2.3240002e+001	  1.9950001e+001	  1.7040001e+001	  1.4580000e+001	  1.2350000e+001	  1.0460000e+001	  8.6800003e+000	  6.6674013e+000	  4.6548023e+000	  2.8789792e+000	  1.2215445e+000	 -3.1750202e-001	 -1.8565485e+000	
  2.9450510e+001	  2.7180002e+001	  2.3240002e+001	  1.9950001e+001	  1.7040001e+001	  1.4580000e+001	  1.2350000e+001	  1.0460000e+001	  8.6800003e+000	  6.6513147e+000	  4.6226292e+000	  2.8326125e+000	  1.1619302e+000	 -3.8941753e-001	 -1.9407653e+000	
  2.9450510e+001	  2.7180002e+001	  2.3240002e+001	  1.9950001e+001	  1.7040001e+001	  1.4580000e+001	  1.2350000e+001	  1.0460000e+001	  8.6800003e+000	  6.6564627e+000	  4.6329250e+000	  2.8474507e+000	  1.1810081e+000	 -3.6640286e-001	 -1.9138138e+000	
  2.9450510e+001	  2.7180002e+001	  2.3240002e+001	  1.9950001e+001	  1.7040001e+001	  1.4580000e+001	  1.2350000e+001	  1.0460000e+001	  8.6800003e+000	  6.6851940e+000	  4.6903877e+000	  2.9302645e+000	  1.2874830e+000	 -2.3795700e-001	 -1.7633970e+000	
  2.9450510e+001	  2.7180002e+001	  2.3240002e+001	  1.9950001e+001	  1.7040001e+001	  1.4580000e+001	  1.2350000e+001	  1.0460000e+001	  8.6800003e+000	  6.7066827e+000	  4.7333651e+000	  2.9922023e+000	  1.3671172e+000	 -1.4189041e-001	 -1.6508980e+000	
  2.9450510e+001	  2.7180002e+001	  2.3240002e+001	  1.9950001e+001	  1.7040001e+001	  1.4580000e+001	  1.2350000e+001	  1.0460000e+001	  8.6800003e+000	  6.7328935e+000	  4.7857866e+000	  3.0677512e+000	  1.4642514e+000	 -2.4712563e-002	 -1.5136765e+000	
  2.9450510e+001	  2.7180002e+001	  2.3240002e+001	  1.9950001e+001	  1.7040001e+001	  1.4580000e+001	  1.2350000e+001	  1.0460000e+001	  8.6800003e+000	  6.7763405e+000	  4.8726807e+000	  3.1929810e+000	  1.6252614e+000	  1.6952181e-001	 -1.2862178e+000	
  2.9450510e+001	  2.7180002e+001	  2.3240002e+001	  1.9950001e+001	  1.7040001e+001	  1.4580000e+001	  1.2350000e+001	  1.0460000e+001	  8.6800003e+000	  6.8233447e+000	  4.9666891e+000	  3.3284636e+000	  1.7994531e+000	  3.7965775e-001	 -1.0401376e+000	
  2.9450510e+001	  2.7180002e+001	  2.3240002e+001	  1.9950001e+001	  1.7040001e+001	  1.4580000e+001	  1.2350000e+001	  1.0460000e+001	  8.6800003e+000	  6.8732505e+000	  5.0665007e+000	  3.4723096e+000	  1.9843981e+000	  6.0276604e-001	 -7.7886605e-001	
  2.9450510e+001	  2.7180002e+001	  2.3240002e+001	  1.9950001e+001	  1.7040001e+001	  1.4580000e+001	  1.2350000e+001	  1.0460000e+001	  8.6800003e+000	  6.9153876e+000	  5.1507750e+000	  3.5937638e+000	  2.1405535e+000	  7.9114401e-001	 -5.5826545e-001	
  2.9450510e+001	  2.7180002e+001	  2.3240002e+001	  1.9950001e+001	  1.7040001e+001	  1.4580000e+001	  1.2350000e+001	  1.0460000e+001	  8.6800003e+000	  6.9479656e+000	  5.2159309e+000	  3.6876650e+000	  2.2612834e+000	  9.3678617e-001	 -3.8771105e-001	
  2.9450510e+001	  2.7180002e+001	  2.3240002e+001	  1.9950001e+001	  1.7040001e+001	  1.4580000e+001	  1.2350000e+001	  1.0460000e+001	  8.6800003e+000	  6.9816194e+000	  5.2832384e+000	  3.7846670e+000	  2.3860002e+000	  1.0872382e+000	 -2.1152377e-001	
