  3.6986805e-002	  7.3161900e-002	  7.7007696e-002	  8.0511793e-002	  8.3488733e-002	  8.4567741e-002	  8.4993251e-002	  8.2726330e-002	  7.6878600e-002	  6.5235674e-002	  5.8224503e-002	  5.6030329e-002	  5.4370698e-002	  5.2717689e-002	  5.0371457e-002	
  3.0651316e-002	  6.0537387e-002	  6.3712075e-002	  6.7577474e-002	  7.1365431e-002	  7.3436067e-002	  7.4691638e-002	  7.3259354e-002	  6.6620752e-002	  5.9597675e-002	  5.5299744e-002	  5.3817820e-002	  5.2636307e-002	  5.1413383e-002	  4.9591359e-002	
  2.5574250e-002	  5.1632591e-002	  5.3930651e-002	  5.7472132e-002	  6.1894160e-002	  6.4947672e-002	  6.6992387e-002	  6.4715743e-002	  6.0002811e-002	  5.5350158e-002	  5.3957839e-002	  5.2912079e-002	  5.1918048e-002	  5.0834071e-002	  4.9222510e-002	
  1.3969675e-002	  2.7368087e-002	  2.8894354e-002	  3.2020152e-002	  3.6845900e-002	  4.0951293e-002	  4.2749710e-002	  4.0667534e-002	  3.7908085e-002	  3.5405133e-002	  3.4395460e-002	  3.3548851e-002	  3.2712586e-002	  3.1769801e-002	  3.0253781e-002	
  3.8155916e-003	  7.4228318e-003	  8.2737412e-003	  1.0896647e-002	  1.5910938e-002	  2.0727172e-002	  2.2076789e-002	  2.1549145e-002	  1.8997505e-002	  1.7913038e-002	  1.7106755e-002	  1.6338380e-002	  1.5538802e-002	  1.4591645e-002	  1.2949639e-002	
 -6.1799642e-003	 -1.3768264e-002	 -1.3702242e-002	 -1.1750512e-002	 -6.9353539e-003	 -1.8310351e-003	 -2.2297811e-005	 -4.9150747e-004	 -2.2513594e-003	 -3.1047391e-003	 -3.8323561e-003	 -4.5738975e-003	 -5.3992714e-003	 -6.4723538e-003	 -8.6815543e-003	
 -2.2880185e-002	 -4.8018388e-002	 -4.8968196e-002	 -4.8004724e-002	 -4.3976404e-002	 -3.9001785e-002	 -3.6987882e-002	 -3.7813552e-002	 -3.8824428e-002	 -3.9555795e-002	 -4.0328033e-002	 -4.1168775e-002	 -4.2159267e-002	 -4.3543320e-002	 -4.6725340e-002	
 -2.4093069e-002	 -5.4533601e-002	 -5.6841917e-002	 -5.7073474e-002	 -5.4445013e-002	 -5.0499581e-002	 -4.8883226e-002	 -4.9784966e-002	 -5.0451856e-002	 -5.1122218e-002	 -5.1903911e-002	 -5.2801378e-002	 -5.3909481e-002	 -5.5518761e-002	 -5.9380524e-002	
 -1.7117957e-002	 -4.2242713e-002	 -4.6103623e-002	 -4.7895353e-002	 -4.7198381e-002	 -4.5358073e-002	 -4.4854630e-002	 -4.5574617e-002	 -4.6168294e-002	 -4.6847772e-002	 -4.7641654e-002	 -4.8561778e-002	 -4.9721908e-002	 -5.1489145e-002	 -5.5936288e-002	
 -3.3989374e-002	 -7.4167781e-002	 -7.9503246e-002	 -8.2749873e-002	 -8.4110394e-002	 -8.5224733e-002	 -8.6743057e-002	 -8.7672785e-002	 -8.8383503e-002	 -8.9177504e-002	 -9.0085387e-002	 -9.1128372e-002	 -9.2448875e-002	 -9.4559334e-002	 -1.0007772e-001	
 -3.4123935e-002	 -7.5648099e-002	 -8.1883796e-002	 -8.7371901e-002	 -9.1814019e-002	 -9.5682949e-002	 -9.8891705e-002	 -1.0074967e-001	 -1.0199465e-001	 -1.0319217e-001	 -1.0443182e-001	 -1.0578218e-001	 -1.0746166e-001	 -1.1019557e-001	 -1.1725709e-001	
 -1.8138895e-002	 -4.6968114e-002	 -5.4459322e-002	 -6.2637947e-002	 -7.0812464e-002	 -7.6698162e-002	 -8.0142841e-002	 -8.2713649e-002	 -8.4758803e-002	 -8.6609095e-002	 -8.8388249e-002	 -9.0189971e-002	 -9.2298254e-002	 -9.5497668e-002	 -1.0307388e-001	
 -1.1954117e-002	 -3.5104014e-002	 -4.4152673e-002	 -5.5854473e-002	 -6.7467876e-002	 -7.4978150e-002	 -7.9283543e-002	 -8.2172841e-002	 -8.4431440e-002	 -8.6505353e-002	 -8.8492118e-002	 -9.0466328e-002	 -9.2749186e-002	 -9.6045144e-002	 -1.0350772e-001	
 -9.7303223e-003	 -3.0999281e-002	 -4.0753469e-002	 -5.4891203e-002	 -6.8687946e-002	 -7.8591831e-002	 -8.4544532e-002	 -8.8329546e-002	 -9.0967134e-002	 -9.3205228e-002	 -9.5269158e-002	 -9.7274363e-002	 -9.9512912e-002	 -1.0266109e-001	 -1.0955410e-001	
 -7.6727504e-003	 -2.7508341e-002	 -3.7973270e-002	 -5.3096980e-002	 -6.7909926e-002	 -7.9822391e-002	 -8.7377958e-002	 -9.2037939e-002	 -9.5153026e-002	 -9.7610563e-002	 -9.9767439e-002	 -1.0178830e-001	 -1.0398306e-001	 -1.0696045e-001	 -1.1329353e-001	
 -7.5497706e-003	 -2.9444136e-002	 -4.0545858e-002	 -5.6179933e-002	 -7.1218982e-002	 -8.4240451e-002	 -9.3410850e-002	 -9.9000573e-002	 -1.0248072e-001	 -1.0510999e-001	 -1.0732205e-001	 -1.0929449e-001	 -1.1133966e-001	 -1.1399101e-001	 -1.1929849e-001	
  2.1301184e-002	  2.7097166e-002	  1.6112359e-002	  5.4292823e-004	 -1.4075522e-002	 -2.6936704e-002	 -3.7561379e-002	 -4.4500571e-002	 -4.8692942e-002	 -5.1585808e-002	 -5.3843118e-002	 -5.5757787e-002	 -5.7636999e-002	 -5.9933744e-002	 -6.4207211e-002	
  4.4534706e-002	  7.3449269e-002	  6.3365772e-002	  4.8116017e-002	  3.4110639e-002	  2.1258041e-002	  1.0575059e-002	  2.5923061e-003	 -2.7815697e-003	 -6.1984612e-003	 -8.5657248e-003	 -1.0427372e-002	 -1.2137180e-002	 -1.4095718e-002	 -1.7466532e-002	
  4.3305732e-002	  7.2723292e-002	  6.4708218e-002	  5.0826222e-002	  3.7622839e-002	  2.5280897e-002	  1.4739268e-002	  6.1423201e-003	 -5.4774538e-004	 -4.9203457e-003	 -7.6196324e-003	 -9.5180422e-003	 -1.1096713e-002	 -1.2762249e-002	 -1.5337953e-002	
  4.2209849e-002	  7.3833100e-002	  6.8625823e-002	  5.6935608e-002	  4.5176778e-002	  3.4014795e-002	  2.4037061e-002	  1.5502888e-002	  8.3498713e-003	  2.4522182e-003	 -6.7589415e-004	 -2.5654857e-003	 -4.0454580e-003	 -5.5497587e-003	 -7.8125102e-003	
  3.9720140e-002	  7.2195157e-002	  6.9100738e-002	  5.9645556e-002	  5.0297771e-002	  4.0853191e-002	  3.2391664e-002	  2.4357246e-002	  1.7150180e-002	  1.0421242e-002	  7.1435319e-003	  5.4251761e-003	  4.0710149e-003	  2.6728970e-003	  5.5626733e-004	
  5.4587994e-002	  1.0350014e-001	  1.0272945e-001	  9.5762536e-002	  8.8367715e-002	  8.0586240e-002	  7.3527277e-002	  6.6169694e-002	  5.9132259e-002	  5.2591655e-002	  4.9518507e-002	  4.7950353e-002	  4.6776563e-002	  4.5670073e-002	  4.4383738e-002	
  6.4491227e-002	  1.2340859e-001	  1.2552209e-001	  1.2133234e-001	  1.1539168e-001	  1.0881223e-001	  1.0289140e-001	  9.6008331e-002	  8.9441240e-002	  8.3489731e-002	  8.0536596e-002	  7.9125941e-002	  7.8182362e-002	  7.7485397e-002	  7.7260941e-002	
  5.0595634e-002	  9.6047819e-002	  9.9339873e-002	  9.8091565e-002	  9.3728572e-002	  8.8197641e-002	  8.3055854e-002	  7.6861456e-002	  7.1053818e-002	  6.6121623e-002	  6.3248143e-002	  6.1949942e-002	  6.1241712e-002	  6.0918406e-002	  6.1379556e-002	
  3.7444033e-002	  7.0278302e-002	  7.2395414e-002	  7.2083652e-002	  6.9514751e-002	  6.5056518e-002	  6.1354194e-002	  5.6165595e-002	  5.1301833e-002	  4.7351617e-002	  4.4730645e-002	  4.3364536e-002	  4.2857438e-002	  4.2963117e-002	  4.4204008e-002	
  4.7728300e-002	  9.2505246e-002	  9.4310142e-002	  9.4758078e-002	  9.3487479e-002	  9.0100229e-002	  8.7270088e-002	  8.3011918e-002	  7.8950033e-002	  7.5559467e-002	  7.3108897e-002	  7.1640022e-002	  7.1578562e-002	  7.2432354e-002	  7.5054362e-002	
  3.6894877e-002	  7.1014941e-002	  7.2920576e-002	  7.3685005e-002	  7.3411286e-002	  7.1088180e-002	  6.8890333e-002	  6.5407231e-002	  6.1907284e-002	  5.8733758e-002	  5.6271274e-002	  5.5049639e-002	  5.6054533e-002	  5.7823502e-002	  6.2209722e-002	
  1.5862226e-002	  3.0317016e-002	  3.1402335e-002	  3.1756803e-002	  3.1957459e-002	  3.0392094e-002	  2.8911229e-002	  2.6103834e-002	  2.3007628e-002	  2.0141155e-002	  1.7999955e-002	  1.8227460e-002	  1.9863900e-002	  2.2058055e-002	  2.6358426e-002	
  1.5845047e-002	  3.0077346e-002	  3.0458562e-002	  3.0345356e-002	  3.0404927e-002	  2.9328665e-002	  2.8258514e-002	  2.5983796e-002	  2.3232333e-002	  2.0553101e-002	  1.8842962e-002	  2.0668440e-002	  2.1733005e-002	  2.3310129e-002	  2.6435247e-002	
  3.2476091e-003	  3.9360560e-003	  3.7710753e-003	  3.3172038e-003	  2.9570940e-003	  2.1307548e-003	  1.0711076e-003	 -9.2890783e-004	 -3.4725580e-003	 -6.0479958e-003	 -7.1971440e-003	 -5.4384349e-003	 -4.8134509e-003	 -3.9607305e-003	 -2.3082797e-003	
  6.4046407e-004	 -1.6586279e-003	 -2.3503511e-003	 -3.1796650e-003	 -3.9691050e-003	 -4.9153045e-003	 -6.0389545e-003	 -7.9084653e-003	 -1.0235139e-002	 -1.2666092e-002	 -1.3562995e-002	 -1.2785348e-002	 -1.2624965e-002	 -1.2409706e-002	 -1.1939104e-002	
 -1.1942342e-002	 -2.5558675e-002	 -2.7003486e-002	 -2.8176812e-002	 -2.9401902e-002	 -3.0734157e-002	 -3.2080390e-002	 -3.3915274e-002	 -3.6064848e-002	 -3.8435757e-002	 -3.9820999e-002	 -4.0308200e-002	 -4.0572610e-002	 -4.0791690e-002	 -4.0824626e-002	
 -3.0247852e-002	 -6.3227370e-002	 -6.5433085e-002	 -6.7139521e-002	 -6.8859652e-002	 -7.0677929e-002	 -7.2382741e-002	 -7.4583739e-002	 -7.6812223e-002	 -7.9318382e-002	 -8.1896506e-002	 -8.3153173e-002	 -8.3611012e-002	 -8.4001437e-002	 -8.4215537e-002	
 -2.1160409e-002	 -5.0479323e-002	 -5.4181077e-002	 -5.6855492e-002	 -5.9387423e-002	 -6.1803110e-002	 -6.4243384e-002	 -6.6937342e-002	 -6.9892481e-002	 -7.3578238e-002	 -7.7954680e-002	 -7.8944400e-002	 -7.9573229e-002	 -8.0091119e-002	 -8.0442071e-002	
 -1.8041063e-002	 -4.2868804e-002	 -4.7775019e-002	 -5.1645938e-002	 -5.5363707e-002	 -5.8906760e-002	 -6.2348526e-002	 -6.6329636e-002	 -7.1229585e-002	 -7.8182444e-002	 -8.4049940e-002	 -8.4931262e-002	 -8.5652865e-002	 -8.6317621e-002	 -8.6900122e-002	
 -3.4026947e-002	 -7.2395235e-002	 -7.7916890e-002	 -8.2823619e-002	 -8.7898932e-002	 -9.3010202e-002	 -9.8432235e-002	 -1.0458641e-001	 -1.1305245e-001	 -1.2558840e-001	 -1.3025478e-001	 -1.3172743e-001	 -1.3279466e-001	 -1.3371578e-001	 -1.3451214e-001	
 -3.3102080e-002	 -7.1726367e-002	 -7.7318043e-002	 -8.3461851e-002	 -9.0609722e-002	 -9.8529771e-002	 -1.0757356e-001	 -1.1816754e-001	 -1.3242184e-001	 -1.4633247e-001	 -1.4983180e-001	 -1.5148959e-001	 -1.5264240e-001	 -1.5364005e-001	 -1.5455413e-001	
 -2.0633139e-002	 -4.7802571e-002	 -5.3792413e-002	 -6.0335942e-002	 -6.8840370e-002	 -7.9540327e-002	 -9.2979185e-002	 -1.0942958e-001	 -1.2784028e-001	 -1.3928956e-001	 -1.4421034e-001	 -1.4627120e-001	 -1.4752012e-001	 -1.4846958e-001	 -1.4897048e-001	
  3.4057472e-003	 -2.1841910e-003	 -8.4893592e-003	 -1.6064039e-002	 -2.5689751e-002	 -3.8176704e-002	 -5.4522581e-002	 -7.5710408e-002	 -9.4126157e-002	 -1.0706809e-001	 -1.1271485e-001	 -1.1485617e-001	 -1.1610588e-001	 -1.1689862e-001	 -1.1668824e-001	
  1.2325857e-002	  1.6369998e-002	  1.0505470e-002	  1.6907970e-003	 -9.4426638e-003	 -2.3260575e-002	 -4.1157149e-002	 -6.1844815e-002	 -8.0475390e-002	 -9.4861694e-002	 -1.0137976e-001	 -1.0373037e-001	 -1.0508797e-001	 -1.0600553e-001	 -1.0634886e-001	
  5.9862770e-003	  2.7337819e-003	 -2.5250986e-003	 -1.0683399e-002	 -2.1938043e-002	 -3.5990164e-002	 -5.3393118e-002	 -7.2658703e-002	 -9.1390476e-002	 -1.0662235e-001	 -1.1435764e-001	 -1.1688726e-001	 -1.1835944e-001	 -1.1945197e-001	 -1.2035923e-001	
  8.1905611e-003	  8.8679558e-003	  4.7570663e-003	 -3.3407989e-003	 -1.4011319e-002	 -2.7340680e-002	 -4.2666659e-002	 -6.0236409e-002	 -7.8290030e-002	 -9.4562456e-002	 -1.0417666e-001	 -1.0671444e-001	 -1.0814516e-001	 -1.0916513e-001	 -1.0976265e-001	
  3.0122537e-002	  5.4608583e-002	  5.1688716e-002	  4.3620110e-002	  3.3702061e-002	  2.1516798e-002	  8.2624266e-003	 -6.9219102e-003	 -2.3713067e-002	 -4.0015690e-002	 -5.1025957e-002	 -5.3291053e-002	 -5.4404326e-002	 -5.4978728e-002	 -5.4340228e-002	
  4.3616984e-002	  8.3037153e-002	  8.1643194e-002	  7.4944183e-002	  6.6097766e-002	  5.5288509e-002	  4.3896019e-002	  3.0963041e-002	  1.6074454e-002	  2.8401637e-004	 -1.1488949e-002	 -1.3593228e-002	 -1.4518547e-002	 -1.4933806e-002	 -1.4320238e-002	
  5.1280648e-002	  9.8690525e-002	  9.9479191e-002	  9.4979793e-002	  8.8153079e-002	  7.8841418e-002	  6.9257438e-002	  5.8141030e-002	  4.5331486e-002	  3.0935798e-002	  1.9121097e-002	  1.6882339e-002	  1.5922714e-002	  1.5408084e-002	  1.5650209e-002	
  3.8712867e-002	  7.5943939e-002	  7.7975929e-002	  7.5289078e-002	  7.0625924e-002	  6.3208014e-002	  5.5521101e-002	  4.6245743e-002	  3.5270717e-002	  2.2922071e-002	  1.2701472e-002	  1.0453078e-002	  9.5277224e-003	  8.9243166e-003	  8.6999964e-003	
  3.4956664e-002	  6.8666816e-002	  7.0926517e-002	  6.9566123e-002	  6.6694491e-002	  6.1489064e-002	  5.6076981e-002	  4.8571479e-002	  3.9169937e-002	  2.8570114e-002	  2.2206604e-002	  2.0269247e-002	  1.9335588e-002	  1.8613234e-002	  1.7957056e-002	
  5.4424044e-002	  1.0772836e-001	  1.1048255e-001	  1.1060543e-001	  1.0907339e-001	  1.0568853e-001	  1.0235961e-001	  9.6536614e-002	  8.7958321e-002	  8.0133595e-002	  7.6103292e-002	  7.5034052e-002	  7.4254066e-002	  7.3576003e-002	  7.2945744e-002	
  5.6214899e-002	  1.1105587e-001	  1.1514719e-001	  1.1677006e-001	  1.1674489e-001	  1.1472639e-001	  1.1289589e-001	  1.0785174e-001	  1.0056938e-001	  9.6391052e-002	  9.4122894e-002	  9.3212932e-002	  9.2538312e-002	  9.1968440e-002	  9.1514155e-002	
  3.4858327e-002	  6.8772584e-002	  7.2593123e-002	  7.5396203e-002	  7.6454841e-002	  7.5793192e-002	  7.4886680e-002	  6.9790967e-002	  6.6242017e-002	  6.3775927e-002	  6.2909074e-002	  6.2292930e-002	  6.1831389e-002	  6.1522190e-002	  6.1693389e-002	
  2.5529414e-002	  5.2899741e-002	  5.6072064e-002	  5.9448250e-002	  6.1431207e-002	  6.1731368e-002	  6.0452517e-002	  5.8377039e-002	  5.6313153e-002	  5.5710267e-002	  5.5303439e-002	  5.5032779e-002	  5.4920521e-002	  5.5096414e-002	  5.6502830e-002	
  2.1953482e-002	  4.4666685e-002	  4.7741495e-002	  5.1738307e-002	  5.4787531e-002	  5.5178214e-002	  5.5183321e-002	  5.4227024e-002	  5.3912826e-002	  5.3717956e-002	  5.3608716e-002	  5.3612828e-002	  5.3792953e-002	  5.4341421e-002	  5.6468464e-002	
  1.2981437e-002	  2.6341103e-002	  2.9328216e-002	  3.3880580e-002	  3.7605084e-002	  3.8850684e-002	  3.9198924e-002	  3.9203689e-002	  3.9184161e-002	  3.9176829e-002	  3.9228782e-002	  3.9380822e-002	  3.9708946e-002	  4.0433865e-002	  4.2897340e-002	
 -2.9926128e-003	 -4.6429997e-003	 -1.6979495e-003	  3.4939761e-003	  7.6713683e-003	  9.1793546e-003	  9.6874563e-003	  9.8032812e-003	  9.8811705e-003	  9.9744303e-003	  1.0133027e-002	  1.0405809e-002	  1.0894075e-002	  1.1941625e-002	  1.5379661e-002	
 -1.0129312e-002	 -2.0068020e-002	 -1.7291956e-002	 -1.1754368e-002	 -8.0606509e-003	 -6.4063254e-003	 -6.0831313e-003	 -5.9194374e-003	 -5.7600057e-003	 -5.5416520e-003	 -5.2224742e-003	 -4.7443206e-003	 -3.9133457e-003	 -2.1529438e-003	  2.9641581e-003	
 -1.6859815e-002	 -3.6914714e-002	 -3.5200968e-002	 -2.9967541e-002	 -2.7055826e-002	 -2.5621939e-002	 -2.5267215e-002	 -2.5011590e-002	 -2.4732932e-002	 -2.4356941e-002	 -2.3844037e-002	 -2.3125865e-002	 -2.1998275e-002	 -1.9923395e-002	 -1.4959919e-002	
 -2.0231601e-002	 -4.5995139e-002	 -4.7279339e-002	 -4.2950708e-002	 -4.0620696e-002	 -3.9834678e-002	 -3.9404426e-002	 -3.9065998e-002	 -3.8706452e-002	 -3.8262580e-002	 -3.7727278e-002	 -3.7066348e-002	 -3.6140546e-002	 -3.4576967e-002	 -3.0853055e-002	
 -2.6015006e-002	 -5.8128305e-002	 -6.3154221e-002	 -6.0593922e-002	 -5.9949018e-002	 -5.9632365e-002	 -5.9388798e-002	 -5.9170093e-002	 -5.8919717e-002	 -5.8604058e-002	 -5.8229655e-002	 -5.7785716e-002	 -5.7191536e-002	 -5.6211218e-002	 -5.3785257e-002	
 -3.6670689e-002	 -7.8812405e-002	 -8.7141201e-002	 -8.8739917e-002	 -8.9557298e-002	 -8.9925967e-002	 -9.0119526e-002	 -9.0227500e-002	 -9.0282038e-002	 -9.0283513e-002	 -9.0220474e-002	 -9.0088435e-002	 -8.9857578e-002	 -8.9407265e-002	 -8.8099003e-002	
 -4.0086210e-002	 -9.0465739e-002	 -1.0105446e-001	 -1.0502128e-001	 -1.0741349e-001	 -1.0884105e-001	 -1.0974319e-001	 -1.1038540e-001	 -1.1090904e-001	 -1.1135197e-001	 -1.1169992e-001	 -1.1195853e-001	 -1.1213678e-001	 -1.1221515e-001	 -1.1196391e-001	
 -2.0608664e-002	 -5.2217983e-002	 -6.3568436e-002	 -7.0310466e-002	 -7.4038737e-002	 -7.6476611e-002	 -7.8123637e-002	 -7.9332486e-002	 -8.0357112e-002	 -8.1253968e-002	 -8.2010962e-002	 -8.2648031e-002	 -8.3210267e-002	 -8.3760478e-002	 -8.4356137e-002	
 -1.9132566e-002	 -4.9846478e-002	 -6.0503405e-002	 -6.9370583e-002	 -7.5260401e-002	 -7.9184458e-002	 -8.1767850e-002	 -8.3589248e-002	 -8.5043631e-002	 -8.6295389e-002	 -8.7348454e-002	 -8.8253446e-002	 -8.9087255e-002	 -8.9980364e-002	 -9.1189288e-002	
 -2.3456037e-002	 -5.8259197e-002	 -6.8630233e-002	 -7.8244239e-002	 -8.6348057e-002	 -9.2351735e-002	 -9.6472219e-002	 -9.9228278e-002	 -1.0116998e-001	 -1.0270965e-001	 -1.0397297e-001	 -1.0503753e-001	 -1.0603622e-001	 -1.0714302e-001	 -1.0888892e-001	
 -2.7117152e-002	 -6.8798527e-002	 -7.8484811e-002	 -8.8642269e-002	 -9.8551780e-002	 -1.0668516e-001	 -1.1249518e-001	 -1.1585708e-001	 -1.1807299e-001	 -1.1975636e-001	 -1.2111934e-001	 -1.2224658e-001	 -1.2329448e-001	 -1.2443529e-001	 -1.2609565e-001	
 -2.9568893e-003	 -1.9071599e-002	 -2.8457129e-002	 -3.8922608e-002	 -4.9674150e-002	 -5.9166323e-002	 -6.5675646e-002	 -6.9202945e-002	 -7.1410388e-002	 -7.3033705e-002	 -7.4302666e-002	 -7.5321808e-002	 -7.6221988e-002	 -7.7115081e-002	 -7.8067221e-002	
  2.6298700e-002	  3.5108488e-002	  2.5229061e-002	  1.3861876e-002	  2.6194595e-003	 -7.1427389e-003	 -1.3046042e-002	 -1.6197683e-002	 -1.8142873e-002	 -1.9557407e-002	 -2.0642998e-002	 -2.1497419e-002	 -2.2219438e-002	 -2.2865796e-002	 -2.3278918e-002	
  3.5174165e-002	  5.1553186e-002	  4.1691165e-002	  2.9560762e-002	  1.8464411e-002	  9.2004715e-003	  3.6206730e-003	  8.6934934e-004	 -8.2456222e-004	 -2.0400330e-003	 -2.9628957e-003	 -3.6671842e-003	 -4.2159790e-003	 -4.5795091e-003	 -4.3563913e-003	
  3.6518272e-002	  5.3961717e-002	  4.5199461e-002	  3.3672981e-002	  2.3173630e-002	  1.4573066e-002	  9.3260286e-003	  6.8012895e-003	  5.2663926e-003	  4.2032744e-003	  3.4568510e-003	  2.9665518e-003	  2.7331733e-003	  2.9183060e-003	  4.2725392e-003	
  3.1350765e-002	  4.5126460e-002	  3.7443880e-002	  2.6881190e-002	  1.7393241e-002	  1.0319791e-002	  6.1825118e-003	  4.1813510e-003	  2.9601702e-003	  2.1356242e-003	  1.6261035e-003	  1.4066837e-003	  1.5260049e-003	  2.2536574e-003	  4.6524592e-003	
  4.8695795e-002	  8.3656028e-002	  7.7132732e-002	  6.7730747e-002	  5.9834033e-002	  5.4784995e-002	  5.1353071e-002	  4.9906481e-002	  4.8999857e-002	  4.8407298e-002	  4.8119973e-002	  4.8132394e-002	  4.8518885e-002	  4.9569402e-002	  5.2320179e-002	
  6.4748779e-002	  1.2050405e-001	  1.1648259e-001	  1.0889554e-001	  1.0269606e-001	  9.8917112e-002	  9.6441358e-002	  9.5342271e-002	  9.4696835e-002	  9.4305962e-002	  9.4190158e-002	  9.4360240e-002	  9.4896078e-002	  9.6079327e-002	  9.8905608e-002	
  5.0580405e-002	  9.4640344e-002	  9.3303591e-002	  8.8420264e-002	  8.4167629e-002	  8.1285961e-002	  7.9401493e-002	  7.8467771e-002	  7.7935487e-002	  7.7692859e-002	  7.7754825e-002	  7.8119382e-002	  7.8877062e-002	  8.0358818e-002	  8.3791703e-002	
  2.8309396e-002	  5.4241072e-002	  5.3870805e-002	  5.1364195e-002	  4.8824292e-002	  4.6790276e-002	  4.5939762e-002	  4.5339122e-002	  4.5021713e-002	  4.5022905e-002	  4.5379721e-002	  4.6081439e-002	  4.7238868e-002	  4.9235474e-002	  5.3492405e-002	
  3.2578863e-002	  6.6000983e-002	  6.5197848e-002	  6.4039260e-002	  6.2992468e-002	  6.2188413e-002	  6.2252115e-002	  6.2089097e-002	  6.2086400e-002	  6.2427860e-002	  6.3156031e-002	  6.4140342e-002	  6.5654650e-002	  6.8198591e-002	  7.3360525e-002	
  3.2470461e-002	  6.6951558e-002	  6.6212952e-002	  6.5725937e-002	  6.5507464e-002	  6.5682679e-002	  6.6607289e-002	  6.7294978e-002	  6.7992762e-002	  6.8797611e-002	  7.0048943e-002	  7.2995603e-002	  7.6722987e-002	  8.1773363e-002	  9.0268835e-002	
 -4.6099727e-003	 -7.6031275e-003	 -9.4242599e-003	 -1.0905811e-002	 -1.1507778e-002	 -1.1389866e-002	 -1.0585894e-002	 -9.2239575e-003	 -6.3352874e-003	  1.7290135e-003	  2.2376681e-002	  5.5391729e-002	  1.0482827e-001	  1.7266677e-001	  2.2971191e-001	
 -2.9841680e-002	 -6.5761603e-002	 -6.7997679e-002	 -6.9660068e-002	 -7.0148125e-002	 -6.9691747e-002	 -6.8248004e-002	 -6.6038609e-002	 -6.1061945e-002	 -3.0464213e-002	  2.7357487e-002	  1.0435709e-001	  2.0470215e-001	  3.3484757e-001	  4.2215052e-001	
 -2.4881160e-002	 -5.7542540e-002	 -6.0306273e-002	 -6.2070787e-002	 -6.2831663e-002	 -6.2596440e-002	 -6.1657362e-002	 -5.9794869e-002	 -5.5068143e-002	 -2.1242715e-002	  5.0965719e-002	  1.3816434e-001	  2.3648334e-001	  3.6388081e-001	  4.4497406e-001	
 -3.5296272e-002	 -7.8397922e-002	 -8.2502931e-002	 -8.4555984e-002	 -8.6597227e-002	 -8.6911201e-002	 -8.6326405e-002	 -8.4087104e-002	 -7.6498479e-002	 -3.9525576e-002	  4.1671805e-002	  1.3126358e-001	  2.1124716e-001	  3.3698305e-001	  4.1139531e-001	
 -4.7112584e-002	 -9.5069781e-002	 -9.9970244e-002	 -1.0240991e-001	 -1.0493071e-001	 -1.0486717e-001	 -1.0352224e-001	 -9.8814540e-002	 -8.6634353e-002	 -4.8106864e-002	  2.6985200e-002	  1.0621670e-001	  1.7033716e-001	  2.8161943e-001	  3.3744827e-001	
 -3.5477322e-002	 -6.7525432e-002	 -7.2553508e-002	 -7.6017752e-002	 -7.6174855e-002	 -7.2734043e-002	 -6.8333261e-002	 -6.4316362e-002	 -5.4881379e-002	 -2.4380514e-002	  3.6200743e-002	  9.8170079e-002	  1.4994156e-001	  2.3403277e-001	  2.8164649e-001	
 -3.4759376e-002	 -6.8783432e-002	 -7.5347133e-002	 -8.1712417e-002	 -8.1435934e-002	 -7.1972728e-002	 -5.9664916e-002	 -5.0834335e-002	 -4.5495495e-002	 -2.7790958e-002	  1.5221613e-002	  6.0929094e-002	  1.0091566e-001	  1.6156454e-001	  2.0707674e-001	
 -3.6663290e-002	 -7.7577189e-002	 -8.5680746e-002	 -9.4001740e-002	 -1.0262384e-001	 -9.5905453e-002	 -7.4888073e-002	 -5.0421577e-002	 -3.1847350e-002	 -1.3844790e-002	  1.7631872e-002	  5.0697602e-002	  8.4567033e-002	  1.3062713e-001	  1.7628071e-001	
 -3.7552848e-002	 -7.9847261e-002	 -8.9634873e-002	 -9.9474736e-002	 -1.1077539e-001	 -1.1900299e-001	 -1.0547794e-001	 -6.8071418e-002	 -2.2804793e-002	  6.7033689e-003	  3.2763917e-002	  5.6856576e-002	  8.8118702e-002	  1.2909003e-001	  1.5843213e-001	
 -4.9311437e-002	 -1.0668829e-001	 -1.1849532e-001	 -1.2998700e-001	 -1.4378338e-001	 -1.5909606e-001	 -1.6593067e-001	 -1.2908813e-001	 -5.7978444e-002	 -1.0209871e-002	  1.7635079e-002	  3.4919105e-002	  6.3976102e-002	  1.0698697e-001	  1.1801740e-001	
 -4.0032770e-002	 -9.1845900e-002	 -1.0382678e-001	 -1.1673316e-001	 -1.3389400e-001	 -1.4933997e-001	 -1.6607599e-001	 -1.3450056e-001	 -5.9757177e-002	 -1.2651390e-003	  3.1524274e-002	  4.5259804e-002	  6.8900131e-002	  1.1245610e-001	  1.1823910e-001	
 -3.2033663e-002	 -7.4221596e-002	 -8.7362953e-002	 -1.0207313e-001	 -1.2081475e-001	 -1.3956133e-001	 -1.5698417e-001	 -1.3505326e-001	 -6.2514946e-002	 -6.5071014e-004	  3.7021939e-002	  5.1737681e-002	  6.7477621e-002	  1.1135023e-001	  1.1595859e-001	
 -1.6632939e-002	 -4.2354498e-002	 -5.5577967e-002	 -7.2597630e-002	 -9.3620948e-002	 -1.1272565e-001	 -1.2938875e-001	 -1.1908635e-001	 -5.8876518e-002	  4.0292055e-003	  4.9057934e-002	  7.0906147e-002	  8.5497074e-002	  1.2683991e-001	  1.3135076e-001	
 -1.6644470e-002	 -4.0553674e-002	 -5.3255182e-002	 -7.1050115e-002	 -9.2958719e-002	 -1.1331196e-001	 -1.2893085e-001	 -1.2422819e-001	 -8.1663325e-002	 -1.6533488e-002	  2.9890127e-002	  5.9550349e-002	  7.6136522e-002	  1.1668212e-001	  1.2125945e-001	
 -2.0821163e-002	 -4.8893124e-002	 -5.9336655e-002	 -7.6048724e-002	 -9.8279610e-002	 -1.1859319e-001	 -1.3160409e-001	 -1.2837349e-001	 -9.7725496e-002	 -3.8491257e-002	  3.9044532e-003	  3.8253795e-002	  5.6495167e-002	  9.6422322e-002	  1.0199787e-001	
 -5.3476717e-004	 -6.8369019e-003	 -1.5852248e-002	 -3.0587457e-002	 -5.1913988e-002	 -7.1689963e-002	 -8.2502238e-002	 -8.0537342e-002	 -5.6751020e-002	 -6.7961649e-003	  3.1531852e-002	  6.7507423e-002	  8.8754758e-002	  1.3266690e-001	  1.3826720e-001	
  2.8908867e-002	  5.0809678e-002	  4.3033700e-002	  3.0188536e-002	  1.1168934e-002	 -7.2699497e-003	 -1.6574807e-002	 -1.5897105e-002	  2.0879211e-003	  4.1370567e-002	  7.5995982e-002	  1.1224625e-001	  1.4087962e-001	  1.9309263e-001	  2.0554022e-001	
  3.1814348e-002	  5.5343457e-002	  4.8764899e-002	  3.7410095e-002	  2.2522410e-002	  4.4761896e-003	 -4.2845258e-003	 -4.8713246e-003	  7.7384082e-003	  3.7295438e-002	  6.8717584e-002	  1.0602340e-001	  1.4346263e-001	  2.1405737e-001	  2.7274173e-001	
  4.1950192e-002	  7.4164703e-002	  7.0124052e-002	  6.0218021e-002	  4.8639715e-002	  3.2405309e-002	  2.2577720e-002	  1.9568754e-002	  2.5478147e-002	  4.5041196e-002	  7.2383568e-002	  1.0971227e-001	  1.4735429e-001	  2.2012211e-001	  3.7531450e-001	
  3.4046832e-002	  6.3653499e-002	  6.0519978e-002	  5.2342437e-002	  4.2106997e-002	  2.7985012e-002	  1.7481262e-002	  1.2947462e-002	  1.5568295e-002	  2.9994033e-002	  5.5503014e-002	  9.6674562e-002	  1.3583283e-001	  2.1114905e-001	  4.5053551e-001	
  4.1899852e-002	  8.1893027e-002	  7.9330370e-002	  7.1536779e-002	  6.2096789e-002	  4.9991868e-002	  3.9363053e-002	  3.4598820e-002	  3.6991954e-002	  5.1451933e-002	  7.9835109e-002	  1.2463268e-001	  1.7308284e-001	  2.8644532e-001	  5.1333207e-001	
  5.7321846e-002	  1.1111486e-001	  1.1022185e-001	  1.0330768e-001	  9.4528131e-002	  8.3877228e-002	  7.3500052e-002	  6.7877814e-002	  6.9232076e-002	  8.2764976e-002	  1.1103299e-001	  1.5472133e-001	  2.0978405e-001	  3.3326891e-001	  5.5124527e-001	
  3.8383290e-002	  7.5609893e-002	  7.6011807e-002	  7.0948660e-002	  6.3282534e-002	  5.3616807e-002	  4.3427721e-002	  3.7294701e-002	  3.8320120e-002	  5.1451381e-002	  7.8749530e-002	  1.2019076e-001	  1.7460142e-001	  2.8960001e-001	  5.0932610e-001	
  2.6359452e-002	  5.5157818e-002	  5.5346746e-002	  5.1683817e-002	  4.5288384e-002	  3.6740549e-002	  2.7131971e-002	  2.1563761e-002	  2.4016727e-002	  3.8330827e-002	  6.3944973e-002	  1.0319608e-001	  1.5780614e-001	  2.5837499e-001	  4.7731814e-001	
  3.4799039e-002	  7.1104184e-002	  7.1254373e-002	  6.8352841e-002	  6.2863432e-002	  5.5291764e-002	  4.6334945e-002	  4.1374199e-002	  4.5984421e-002	  6.2065128e-002	  8.5596971e-002	  1.2298370e-001	  1.7760271e-001	  2.6479909e-001	  4.7732508e-001	
  2.6948262e-002	  5.5199262e-002	  5.5428836e-002	  5.2784830e-002	  4.8203569e-002	  4.1295931e-002	  3.2940220e-002	  2.8028902e-002	  3.3811599e-002	  5.2402187e-002	  7.5840451e-002	  1.1144675e-001	  1.6295840e-001	  2.3955844e-001	  4.4788438e-001	
  4.8343823e-003	  1.0536275e-002	  1.0005351e-002	  7.3958300e-003	  3.1510307e-003	 -3.4261639e-003	 -1.1534276e-002	 -1.6537867e-002	 -9.3573090e-003	  1.3435873e-002	  4.0383223e-002	  7.5105116e-002	  1.2305428e-001	  1.9338755e-001	  4.0214956e-001	
  3.5437834e-003	  6.2033641e-003	  4.4843820e-003	  1.1906947e-003	 -3.5756403e-003	 -1.0618342e-002	 -1.8891670e-002	 -2.4093686e-002	 -1.5978642e-002	  1.1795633e-002	  4.5549501e-002	  8.1796132e-002	  1.2474265e-001	  1.8769301e-001	  3.9535969e-001	
 -8.9310594e-003	 -1.8566549e-002	 -2.2036821e-002	 -2.6645904e-002	 -3.2492809e-002	 -4.1113634e-002	 -5.0382130e-002	 -5.5844571e-002	 -4.6662226e-002	 -1.3545872e-002	  2.6979122e-002	  6.7554094e-002	  1.0681272e-001	  1.6263127e-001	  3.7456095e-001	
 -1.8788192e-002	 -3.9587282e-002	 -4.5857631e-002	 -5.2753322e-002	 -6.0676247e-002	 -7.1900308e-002	 -8.2980111e-002	 -8.7814435e-002	 -7.4868172e-002	 -3.5638079e-002	  6.5514077e-003	  4.7326580e-002	  8.2730122e-002	  1.3530336e-001	  3.5420513e-001	
 -2.0636845e-002	 -4.5447696e-002	 -5.4833535e-002	 -6.5300494e-002	 -7.6483548e-002	 -9.0086222e-002	 -1.0276008e-001	 -1.0559149e-001	 -8.9244083e-002	 -4.7861215e-002	 -6.2682801e-003	  3.3286523e-002	  6.3544802e-002	  1.1646128e-001	  3.3697206e-001	
 -2.4230720e-002	 -5.7676271e-002	 -7.0334375e-002	 -8.4791601e-002	 -1.0080273e-001	 -1.1626129e-001	 -1.3077939e-001	 -1.3478956e-001	 -1.2040503e-001	 -8.0243662e-002	 -3.2168847e-002	  1.3174000e-002	  3.7303805e-002	  8.8573471e-002	  2.8654826e-001	
 -2.3581747e-002	 -6.0144093e-002	 -7.7373922e-002	 -9.4812542e-002	 -1.1607973e-001	 -1.3408746e-001	 -1.5127975e-001	 -1.5858430e-001	 -1.5259258e-001	 -1.2544045e-001	 -6.2719777e-002	 -3.4185618e-003	  1.9947296e-002	  7.2935872e-002	  2.4627125e-001	
 -1.2629697e-002	 -4.0882539e-002	 -6.0981933e-002	 -8.1820950e-002	 -1.0732483e-001	 -1.2794973e-001	 -1.4761347e-001	 -1.6275591e-001	 -1.7390178e-001	 -1.6651538e-001	 -9.6526586e-002	 -1.0681971e-002	  1.9510826e-002	  7.6230749e-002	  2.1969150e-001	
 -3.7407926e-003	 -2.6842369e-002	 -4.7587708e-002	 -7.0933893e-002	 -9.9537916e-002	 -1.2223206e-001	 -1.4566734e-001	 -1.6914167e-001	 -1.9516432e-001	 -1.9904608e-001	 -1.3890582e-001	 -1.9182440e-002	  2.5882030e-002	  8.4666677e-002	  2.0297284e-001	
 -1.1056880e-002	 -4.6973757e-002	 -6.6625699e-002	 -9.1985434e-002	 -1.2289163e-001	 -1.4832112e-001	 -1.7381200e-001	 -2.0434859e-001	 -2.3355636e-001	 -2.3743413e-001	 -1.8816864e-001	 -6.0478903e-002	  2.2499012e-003	  6.4884432e-002	  1.6174631e-001	
 -4.3599429e-003	 -3.5409287e-002	 -5.3042237e-002	 -7.8511268e-002	 -1.1042047e-001	 -1.3743502e-001	 -1.6305119e-001	 -1.9577941e-001	 -2.2549859e-001	 -2.2699720e-001	 -1.7981750e-001	 -7.4379481e-002	  2.3416674e-003	  6.7982405e-002	  1.4721465e-001	
  2.8546315e-002	  2.6184177e-002	  1.0276014e-002	 -1.3259405e-002	 -4.3546889e-002	 -7.1806140e-002	 -9.6745625e-002	 -1.2502535e-001	 -1.5387473e-001	 -1.5740037e-001	 -1.2019865e-001	 -3.1980399e-002	  5.5026077e-002	  1.2528197e-001	  1.8986014e-001	
  2.9524297e-002	  2.9291732e-002	  1.4020836e-002	 -7.8520235e-003	 -3.5065979e-002	 -6.3027546e-002	 -8.6312525e-002	 -1.1086351e-001	 -1.3695461e-001	 -1.4519528e-001	 -1.1533208e-001	 -3.5913154e-002	  5.7155751e-002	  1.3588297e-001	  1.8852986e-001	
  3.1119175e-002	  3.3040296e-002	  1.8473253e-002	 -3.2019697e-003	 -2.7581051e-002	 -5.4001100e-002	 -7.5478144e-002	 -9.6610010e-002	 -1.2166174e-001	 -1.3329135e-001	 -1.0751566e-001	 -3.4398023e-002	  5.8674000e-002	  1.4537677e-001	  1.8947928e-001	
  3.7107721e-002	  4.9867675e-002	  3.6581714e-002	  1.4276391e-002	 -8.6496314e-003	 -3.2370005e-002	 -5.2146263e-002	 -7.0198163e-002	 -9.2717394e-002	 -1.0628559e-001	 -8.3572268e-002	 -1.6004903e-002	  7.1182407e-002	  1.6446975e-001	  2.0137598e-001	
  4.6624701e-002	  7.7107787e-002	  6.6366076e-002	  4.4391155e-002	  2.1442149e-002	 -5.3443928e-004	 -1.8702658e-002	 -3.4311429e-002	 -5.3339835e-002	 -6.7444220e-002	 -4.7956537e-002	  1.4567230e-002	  9.0280585e-002	  1.9017006e-001	  2.2438271e-001	
  6.1619997e-002	  1.1753619e-001	  1.1038551e-001	  9.1022559e-002	  6.8086594e-002	  4.6152208e-002	  2.8773889e-002	  1.4672689e-002	 -5.4251513e-004	 -1.2128438e-002	  6.3675474e-003	  6.0743041e-002	  1.2262166e-001	  2.2338714e-001	  2.6777768e-001	
  6.4564034e-002	  1.2596345e-001	  1.2382080e-001	  1.0939923e-001	  8.8105485e-002	  6.5876633e-002	  4.8289277e-002	  3.4462024e-002	  2.2346921e-002	  1.4924698e-002	  3.3470888e-002	  7.8689307e-002	  1.2816688e-001	  2.2208855e-001	  2.9454416e-001	
  4.7056410e-002	  9.3201078e-002	  9.4119087e-002	  8.4569395e-002	  6.6567682e-002	  4.5653675e-002	  2.8159197e-002	  1.4582831e-002	  4.8082643e-003	  2.3497764e-003	  2.1527160e-002	  5.6893695e-002	  9.7669058e-002	  1.9102131e-001	  2.8913009e-001	
  4.8563547e-002	  9.8025434e-002	  9.9641986e-002	  9.3226492e-002	  7.9175338e-002	  6.0729440e-002	  4.4703912e-002	  3.2143246e-002	  2.5043473e-002	  2.7774088e-002	  4.7317941e-002	  7.5299583e-002	  1.1969019e-001	  2.4424335e-001	  3.0378884e-001	
  6.4944722e-002	  1.2861547e-001	  1.3084993e-001	  1.2589754e-001	  1.1504416e-001	  9.9745020e-002	  8.5998707e-002	  7.4753299e-002	  6.9658749e-002	  7.5262442e-002	  9.3827143e-002	  1.1890801e-001	  1.9056253e-001	  3.0940980e-001	  3.4627590e-001	
  5.6937326e-002	  1.1175176e-001	  1.1454707e-001	  1.1105388e-001	  1.0233788e-001	  9.0061471e-002	  7.8359947e-002	  6.8176754e-002	  6.3635379e-002	  6.9501668e-002	  8.5744686e-002	  1.1002512e-001	  2.0238701e-001	  2.9820067e-001	  3.2938677e-001	
  2.9845098e-002	  5.7221022e-002	  5.8459412e-002	  5.5602346e-002	  4.8417669e-002	  3.7986360e-002	  2.8116072e-002	  1.8805917e-002	  1.4722544e-002	  2.0335337e-002	  3.5756588e-002	  6.1525419e-002	  1.5866099e-001	  2.3948349e-001	  2.5621319e-001	
  3.6257144e-002	  6.9070876e-002	  6.9188282e-002	  6.5948606e-002	  5.9463382e-002	  4.9989134e-002	  4.0863149e-002	  3.1713706e-002	  2.7607527e-002	  3.3014540e-002	  4.6157699e-002	  7.1679212e-002	  1.5594938e-001	  2.2427127e-001	  2.5312585e-001	
  3.9353829e-002	  7.4583247e-002	  7.4805275e-002	  7.1794912e-002	  6.5512389e-002	  5.6248795e-002	  4.7016069e-002	  3.7602507e-002	  3.2365985e-002	  3.6575761e-002	  4.5689683e-002	  6.4559549e-002	  1.2797427e-001	  1.9244638e-001	  2.4282287e-001	
  1.6202876e-002	  2.8841348e-002	  2.8034359e-002	  2.4403002e-002	  1.7506838e-002	  7.9016844e-003	 -1.5990252e-003	 -1.1061987e-002	 -1.6520066e-002	 -1.2540659e-002	 -5.6563672e-003	  7.3580062e-003	  5.5725425e-002	  1.1556479e-001	  1.7221287e-001	
  1.0402868e-002	  1.7832270e-002	  1.5588336e-002	  1.0803900e-002	  2.9045560e-003	 -7.8001618e-003	 -1.7640986e-002	 -2.6504818e-002	 -3.0878205e-002	 -2.5711341e-002	 -1.7596310e-002	 -6.2540346e-003	  3.4736630e-002	  9.1713592e-002	  1.3920096e-001	
  7.5941612e-003	  9.0721808e-003	  5.4717399e-003	 -1.0152856e-003	 -9.6765850e-003	 -2.1655118e-002	 -3.1850725e-002	 -3.9940659e-002	 -4.3153562e-002	 -3.5561021e-002	 -2.0637529e-002	 -7.0092957e-003	  3.4045275e-002	  8.6346917e-002	  1.1553799e-001	
 -9.1058174e-003	 -2.5339559e-002	 -3.0592117e-002	 -3.9003756e-002	 -4.8635609e-002	 -6.1903283e-002	 -7.2855495e-002	 -8.0197245e-002	 -8.2338527e-002	 -7.2000772e-002	 -4.7865126e-002	 -2.7590819e-002	  1.4948498e-002	  6.1276793e-002	  7.8518562e-002	
 -2.1039952e-002	 -4.8997283e-002	 -5.6424368e-002	 -6.7320004e-002	 -7.8437053e-002	 -9.2882723e-002	 -1.0577334e-001	 -1.1298904e-001	 -1.1429532e-001	 -1.0018206e-001	 -6.8142295e-002	 -4.1171242e-002	  6.3207657e-003	  4.2400386e-002	  5.6605782e-002	
 -1.9309772e-002	 -4.6235517e-002	 -5.5748891e-002	 -6.8790279e-002	 -8.3482884e-002	 -9.9450998e-002	 -1.1444095e-001	 -1.2263429e-001	 -1.2150487e-001	 -1.0597883e-001	 -7.6306194e-002	 -4.3975990e-002	  6.2902449e-003	  3.4454424e-002	  4.1030638e-002	
 -1.6842425e-002	 -4.4156536e-002	 -5.6639884e-002	 -7.2043121e-002	 -9.1641605e-002	 -1.1010905e-001	 -1.2662908e-001	 -1.3558778e-001	 -1.3681307e-001	 -1.3268149e-001	 -1.1035607e-001	 -6.2615432e-002	 -1.1278992e-002	  1.0949234e-002	  1.1685465e-002	
 -1.2599691e-002	 -3.5352468e-002	 -5.0646570e-002	 -6.9500148e-002	 -9.4023831e-002	 -1.1665321e-001	 -1.3403350e-001	 -1.4645007e-001	 -1.5859023e-001	 -1.6933055e-001	 -1.4896429e-001	 -7.0853963e-002	 -1.4636653e-002	  8.3187111e-003	  9.0459017e-003	
 -8.5263727e-003	 -2.8095273e-002	 -4.5906115e-002	 -6.8771027e-002	 -9.8315842e-002	 -1.2723926e-001	 -1.4646986e-001	 -1.6283742e-001	 -1.8715702e-001	 -2.0501846e-001	 -1.8463638e-001	 -8.7125838e-002	 -1.8872999e-002	  8.7682875e-003	  9.6912468e-003	
 -4.6407501e-003	 -1.8872799e-002	 -3.8249943e-002	 -6.3961409e-002	 -9.7018316e-002	 -1.3028407e-001	 -1.5442127e-001	 -1.7618987e-001	 -2.0814982e-001	 -2.2640572e-001	 -2.0199201e-001	 -1.0545813e-001	 -2.3451077e-002	  4.4576270e-003	  4.5976145e-003	
 -8.1666658e-004	 -1.6184581e-002	 -3.5506438e-002	 -6.3285612e-002	 -9.8296255e-002	 -1.3174985e-001	 -1.6070601e-001	 -1.8874317e-001	 -2.2141144e-001	 -2.3326130e-001	 -2.0602791e-001	 -1.2563959e-001	 -4.1132875e-002	 -1.6946804e-002	 -1.7503900e-002	
  1.7808056e-002	  1.9557066e-002	  1.3307023e-003	 -2.6312949e-002	 -6.0511615e-002	 -9.4247766e-002	 -1.2412944e-001	 -1.5557882e-001	 -1.8738687e-001	 -1.9567758e-001	 -1.7233104e-001	 -1.0313866e-001	 -2.1489803e-002	 -2.2657148e-003	 -3.1902993e-003	
  4.5285746e-002	  7.5532198e-002	  6.0414199e-002	  3.3070464e-002	  3.4585551e-004	 -3.3510540e-002	 -6.1598361e-002	 -9.2420407e-002	 -1.2433838e-001	 -1.3343847e-001	 -1.1262763e-001	 -4.8892383e-002	  2.8317822e-002	  4.4560440e-002	  4.3652460e-002	
  4.6007212e-002	  7.8770414e-002	  6.6960320e-002	  4.1213509e-002	  1.0244207e-002	 -2.3494415e-002	 -5.1850960e-002	 -8.0032259e-002	 -1.1135650e-001	 -1.2398253e-001	 -1.0130776e-001	 -3.7651837e-002	  3.5614602e-002	  4.8190676e-002	  4.8116624e-002	
  4.0563270e-002	  7.0507981e-002	  6.2615708e-002	  3.9749563e-002	  1.0987758e-002	 -2.1534625e-002	 -5.0121699e-002	 -7.7120706e-002	 -1.0489357e-001	 -1.1895137e-001	 -9.3402252e-002	 -2.9727416e-002	  3.6330834e-002	  4.6329889e-002	  4.9194690e-002	
  3.9522048e-002	  7.2413996e-002	  6.7077041e-002	  4.7203857e-002	  2.1422544e-002	 -8.9124050e-003	 -3.6378253e-002	 -6.2154848e-002	 -8.6178966e-002	 -9.6483737e-002	 -6.7243427e-002	 -8.0494024e-003	  4.5609277e-002	  5.2118637e-002	  5.5513114e-002	
  5.0348964e-002	  9.6061468e-002	  9.2931867e-002	  7.8253299e-002	  5.6051951e-002	  2.8589996e-002	  2.7057286e-003	 -2.1870323e-002	 -4.2750437e-002	 -4.8486449e-002	 -1.7051751e-002	  3.4974847e-002	  7.3357061e-002	  7.3243819e-002	  7.2332390e-002	
  7.1448386e-002	  1.4007781e-001	  1.4006068e-001	  1.3017601e-001	  1.1269382e-001	  8.8739589e-002	  6.5202840e-002	  4.1966740e-002	  2.3636915e-002	  2.1269979e-002	  5.0471995e-002	  9.1673233e-002	  1.1640207e-001	  1.0818955e-001	  1.0128252e-001	
  7.1456842e-002	  1.4193685e-001	  1.4505571e-001	  1.3877562e-001	  1.2626609e-001	  1.0658207e-001	  8.5867062e-002	  6.4302117e-002	  4.7562968e-002	  4.6263922e-002	  6.8967417e-002	  9.8757654e-002	  1.1134078e-001	  9.6170217e-002	  8.3529025e-002	
  4.6726298e-002	  9.3133815e-002	  9.6879289e-002	  9.2780747e-002	  8.4376208e-002	  6.9701903e-002	  5.3137582e-002	  3.5010707e-002	  2.0897875e-002	  1.8487835e-002	  3.1924445e-002	  4.8629139e-002	  4.9888488e-002	  3.1956445e-002	  1.6252568e-002	
  5.7309441e-002	  1.1433955e-001	  1.1821699e-001	  1.1585921e-001	  1.1018702e-001	  9.9863328e-002	  8.7397285e-002	  7.3166572e-002	  6.1409947e-002	  5.6681853e-002	  6.2346637e-002	  6.8502359e-002	  6.1422348e-002	  4.5499299e-002	  3.0636223e-002	
  7.4535191e-002	  1.4770371e-001	  1.5193418e-001	  1.5129051e-001	  1.4792684e-001	  1.4056465e-001	  1.3185816e-001	  1.2043758e-001	  1.1012199e-001	  1.0319230e-001	  1.0699988e-001	  1.0958913e-001	  1.0056341e-001	  9.2267781e-002	  8.2526445e-002	
  4.7746919e-002	  9.3806878e-002	  9.7101003e-002	  9.7950578e-002	  9.6388638e-002	  9.1188997e-002	  8.4587961e-002	  7.4668974e-002	  6.4886250e-002	  5.8548193e-002	  6.5268934e-002	  6.9442227e-002	  6.2879890e-002	  6.6297300e-002	  6.3694507e-002	
  2.1046182e-002	  3.9703455e-002	  4.0299568e-002	  4.0647786e-002	  4.0176738e-002	  3.6083978e-002	  3.1087331e-002	  2.1857744e-002	  1.2871441e-002	  9.0720961e-003	  1.8196722e-002	  2.2409922e-002	  1.8523023e-002	  3.1415571e-002	  3.1703234e-002	
  3.4512844e-002	  6.5096043e-002	  6.4769775e-002	  6.4600915e-002	  6.4092726e-002	  5.9928417e-002	  5.4807439e-002	  4.5803562e-002	  3.7035514e-002	  3.4597859e-002	  4.4838868e-002	  4.7409859e-002	  4.4409774e-002	  6.4063661e-002	  6.6162243e-002	
  1.5832480e-002	  2.7384590e-002	  2.6652627e-002	  2.5494635e-002	  2.4077076e-002	  1.9463833e-002	  1.3836757e-002	  4.7704214e-003	 -4.3613371e-003	 -6.8044621e-003	  3.0312703e-003	  3.6937965e-003	 -4.1014262e-004	  2.3410609e-002	  2.7548727e-002	
  1.1627065e-003	 -1.5864634e-003	 -4.0378752e-003	 -6.6976701e-003	 -9.9874195e-003	 -1.5513383e-002	 -2.1670332e-002	 -3.0912966e-002	 -3.9430924e-002	 -4.1263431e-002	 -3.1493898e-002	 -3.3367585e-002	 -3.9838389e-002	 -1.3346134e-002	 -8.6064516e-003	
  5.4342663e-003	  5.9380182e-003	  2.1416869e-003	 -2.0916592e-003	 -7.7662361e-003	 -1.4679087e-002	 -2.1738281e-002	 -3.0734992e-002	 -3.8305327e-002	 -3.9222412e-002	 -3.0959567e-002	 -3.8378116e-002	 -4.8245575e-002	 -1.8101079e-002	 -1.1520958e-002	
 -7.0908684e-003	 -2.0620078e-002	 -2.5913408e-002	 -3.2027170e-002	 -4.0533878e-002	 -4.9093712e-002	 -5.6743100e-002	 -6.4950831e-002	 -7.1216695e-002	 -7.1475238e-002	 -6.9774881e-002	 -8.6241260e-002	 -9.7777210e-002	 -6.2677830e-002	 -5.0881308e-002	
 -1.3071443e-002	 -3.4067139e-002	 -4.1129932e-002	 -4.9567178e-002	 -6.1388027e-002	 -7.1728982e-002	 -7.9453938e-002	 -8.6453602e-002	 -9.1276877e-002	 -9.2897400e-002	 -1.0261842e-001	 -1.2840647e-001	 -1.3393623e-001	 -9.3501441e-002	 -7.1784414e-002	
 -4.0429202e-003	 -1.8320691e-002	 -2.7747659e-002	 -3.8761389e-002	 -5.4057617e-002	 -6.6664323e-002	 -7.4349552e-002	 -8.0527574e-002	 -8.6052522e-002	 -9.3178831e-002	 -1.1802398e-001	 -1.4570907e-001	 -1.3352832e-001	 -8.6614057e-002	 -5.0536498e-002	
 -7.2755632e-003	 -2.6793387e-002	 -3.8600683e-002	 -5.2197542e-002	 -7.1397930e-002	 -8.6655661e-002	 -9.4967246e-002	 -1.0270476e-001	 -1.1297965e-001	 -1.3568994e-001	 -1.8097034e-001	 -1.9782108e-001	 -1.6511853e-001	 -1.0811804e-001	 -5.4746918e-002	
 -8.0277389e-003	 -2.8977988e-002	 -4.2323425e-002	 -5.8764085e-002	 -8.1819683e-002	 -9.9914305e-002	 -1.1031589e-001	 -1.2396020e-001	 -1.4743616e-001	 -1.9197774e-001	 -2.4356744e-001	 -2.4611290e-001	 -2.0701845e-001	 -1.4188045e-001	 -7.2013557e-002	
 -1.8694117e-003	 -1.6586680e-002	 -3.0505667e-002	 -4.8658010e-002	 -7.4874118e-002	 -9.6473619e-002	 -1.1067443e-001	 -1.3229933e-001	 -1.7122227e-001	 -2.2399214e-001	 -2.6156294e-001	 -2.6731271e-001	 -2.4068820e-001	 -1.6215259e-001	 -1.2416044e-001	
  1.7865403e-002	  2.2739461e-002	  9.5673501e-003	 -8.7621761e-003	 -3.5497606e-002	 -6.0645882e-002	 -7.9336822e-002	 -1.0636754e-001	 -1.5210509e-001	 -1.9673905e-001	 -2.2457804e-001	 -2.4153593e-001	 -2.2821721e-001	 -1.6806880e-001	 -1.4911117e-001	
  1.5299228e-002	  1.6359514e-002	  4.9551912e-003	 -1.2555642e-002	 -3.7102930e-002	 -6.3753709e-002	 -8.6379647e-002	 -1.1612504e-001	 -1.6250220e-001	 -1.9844566e-001	 -2.2193648e-001	 -2.4351847e-001	 -2.4440801e-001	 -2.0958480e-001	 -1.8874970e-001	
  1.8810337e-002	  2.5334071e-002	  1.6309859e-002	  1.6841998e-004	 -2.1245942e-002	 -4.6684653e-002	 -7.0901833e-002	 -1.0056888e-001	 -1.4499328e-001	 -1.7856970e-001	 -2.0329249e-001	 -2.2444570e-001	 -2.3213579e-001	 -2.0949708e-001	 -1.8758047e-001	
  3.8716607e-002	  6.8250254e-002	  6.2116414e-002	  4.7493450e-002	  2.8892979e-002	  6.1309603e-003	 -1.7267153e-002	 -4.5520525e-002	 -8.6340778e-002	 -1.2181674e-001	 -1.4669392e-001	 -1.6660900e-001	 -1.7457110e-001	 -1.5733734e-001	 -1.2652661e-001	
  3.9606921e-002	  7.1685262e-002	  6.7444600e-002	  5.5246055e-002	  3.9057739e-002	  1.8967424e-002	 -2.1870590e-003	 -2.7845792e-002	 -6.5405458e-002	 -1.0279697e-001	 -1.2653464e-001	 -1.4331719e-001	 -1.4881735e-001	 -1.3156122e-001	 -7.8966707e-002	
  4.9125519e-002	  9.2747256e-002	  9.0116195e-002	  8.0631986e-002	  6.6567637e-002	  4.8953105e-002	  3.0400803e-002	  7.9243276e-003	 -2.4961282e-002	 -6.2317349e-002	 -8.4541410e-002	 -9.7186089e-002	 -9.9136643e-002	 -7.0173070e-002	 -3.2659119e-003	
  5.3254131e-002	  1.0260642e-001	  1.0165669e-001	  9.3982801e-002	  8.1755340e-002	  6.5631941e-002	  4.9278766e-002	  2.9701727e-002	  1.2552312e-003	 -3.4514628e-002	 -5.2280359e-002	 -5.8132954e-002	 -5.2566707e-002	  1.5581301e-002	  4.0046554e-002	
  4.8189096e-002	  9.1554828e-002	  9.2527092e-002	  8.6053297e-002	  7.5492352e-002	  6.0354274e-002	  4.5240309e-002	  2.7707504e-002	  2.4497623e-003	 -3.0143185e-002	 -4.3359764e-002	 -4.3268293e-002	 -2.9279009e-002	  5.8078840e-002	  6.9802947e-002	
  5.6943495e-002	  1.0939048e-001	  1.1209573e-001	  1.0703114e-001	  9.7903803e-002	  8.3822727e-002	  6.9379166e-002	  5.2946333e-002	  3.1465612e-002	  2.2445007e-003	 -1.1215078e-002	 -1.1189171e-002	  5.3686383e-003	  9.5519781e-002	  1.0288994e-001	
  6.6641435e-002	  1.2921208e-001	  1.3429472e-001	  1.3135266e-001	  1.2407243e-001	  1.1115059e-001	  9.7663552e-002	  8.2527965e-002	  6.4412571e-002	  3.8958862e-002	  2.2371674e-002	  1.5891531e-002	  2.7981861e-002	  1.1145439e-001	  1.2094831e-001	
  5.9401941e-002	  1.1482225e-001	  1.1982743e-001	  1.2010397e-001	  1.1535414e-001	  1.0418609e-001	  9.1952831e-002	  7.8144431e-002	  6.2463157e-002	  4.1465960e-002	  2.3580503e-002	  9.0435930e-003	  1.2875127e-002	  8.8505030e-002	  1.0127048e-001	
  5.0876983e-002	  1.0013454e-001	  1.0373902e-001	  1.0593349e-001	  1.0389169e-001	  9.5243625e-002	  8.4658764e-002	  7.2007887e-002	  5.7942118e-002	  4.1563518e-002	  2.5883414e-002	  7.2133262e-003	  4.9336976e-003	  7.7833936e-002	  8.7204754e-002	
  4.4116300e-002	  8.7892309e-002	  8.9980431e-002	  9.2348143e-002	  9.2171185e-002	  8.5705251e-002	  7.6372832e-002	  6.4300895e-002	  5.1665399e-002	  3.9390061e-002	  3.0681020e-002	  1.4986357e-002	  1.6682111e-002	  8.6480558e-002	  9.5500022e-002	
  2.7920928e-002	  5.5900559e-002	  5.6952156e-002	  5.8795054e-002	  5.9120458e-002	  5.3875335e-002	  4.5287821e-002	  3.3316188e-002	  2.1915227e-002	  1.4322587e-002	  1.3001432e-002	  1.9184011e-003	  1.0624851e-002	  8.2773462e-002	  9.4687998e-002	
  1.8369928e-002	  3.5153832e-002	  3.5276704e-002	  3.6062945e-002	  3.6186982e-002	  3.1282879e-002	  2.2412194e-002	  1.0738408e-002	  6.4410100e-004	 -2.8859314e-003	 -2.0667773e-003	 -1.2859567e-002	  3.8287318e-003	  7.9397850e-002	  9.7083241e-002	
  1.1620263e-002	  2.1277577e-002	  2.0578116e-002	  1.9995205e-002	  1.9383885e-002	  1.4198999e-002	  4.9461317e-003	 -6.2628579e-003	 -1.5051479e-002	 -1.4526250e-002	 -1.3113773e-002	 -2.4485638e-002	  1.3106224e-002	  7.3254019e-002	  9.7405195e-002	
  6.1264136e-003	  7.5169750e-003	  5.8620987e-003	  3.6821056e-003	  2.0563714e-003	 -3.5158778e-003	 -1.3221792e-002	 -2.3847556e-002	 -3.0947844e-002	 -2.6450260e-002	 -2.5912076e-002	 -4.1115265e-002	  1.5060049e-002	  6.1284877e-002	  8.3271913e-002	
 -1.1210208e-002	 -2.6569499e-002	 -2.9887896e-002	 -3.3512142e-002	 -3.6713362e-002	 -4.3003999e-002	 -5.2732326e-002	 -6.1820377e-002	 -6.6021368e-002	 -5.8370572e-002	 -6.1778754e-002	 -8.2451448e-002	 -2.0610312e-002	  2.5523655e-002	  4.2594373e-002	
 -1.8929439e-002	 -4.2273697e-002	 -4.7925830e-002	 -5.3335216e-002	 -5.9143819e-002	 -6.6461876e-002	 -7.5025573e-002	 -8.0636688e-002	 -8.0373436e-002	 -7.3226362e-002	 -8.5024476e-002	 -1.0587226e-001	 -4.7287092e-002	  3.7870014e-003	  1.7067997e-002	
 -1.8726973e-002	 -4.4507876e-002	 -5.2741125e-002	 -6.0649518e-002	 -7.0106164e-002	 -7.8360200e-002	 -8.4017754e-002	 -8.4624819e-002	 -8.1088506e-002	 -8.1140563e-002	 -1.0121938e-001	 -1.1878392e-001	 -6.6239715e-002	 -1.4201677e-002	 -3.8882159e-003	
 -2.1464506e-002	 -5.0757401e-002	 -6.0771309e-002	 -7.1452163e-002	 -8.4493518e-002	 -9.3411282e-002	 -9.6071780e-002	 -9.3285471e-002	 -9.1758877e-002	 -9.8996356e-002	 -1.2071151e-001	 -1.3274094e-001	 -8.3264284e-002	 -3.9448634e-002	 -3.1426687e-002	
 -3.7734844e-002	 -8.2396716e-002	 -9.4471365e-002	 -1.0811582e-001	 -1.2457764e-001	 -1.3445714e-001	 -1.3614768e-001	 -1.3433173e-001	 -1.3777879e-001	 -1.4555731e-001	 -1.5907565e-001	 -1.6170326e-001	 -1.1489032e-001	 -7.7622294e-002	 -7.2385475e-002	
 -3.4683265e-002	 -7.4631169e-002	 -8.6889513e-002	 -1.0432041e-001	 -1.2425713e-001	 -1.3604160e-001	 -1.4060825e-001	 -1.4579213e-001	 -1.5691672e-001	 -1.6211718e-001	 -1.6022965e-001	 -1.4802036e-001	 -1.0399628e-001	 -7.2211675e-002	 -6.9426984e-002	
 -1.9319709e-002	 -4.4128537e-002	 -5.6686457e-002	 -7.5933792e-002	 -9.9978060e-002	 -1.1567679e-001	 -1.2714413e-001	 -1.4326158e-001	 -1.6092812e-001	 -1.6302201e-001	 -1.4627072e-001	 -1.2141776e-001	 -8.3268881e-002	 -6.0054041e-002	 -5.8398653e-002	
 -1.0885130e-002	 -2.5883386e-002	 -3.8067222e-002	 -5.7752181e-002	 -8.2740538e-002	 -1.0421636e-001	 -1.2233534e-001	 -1.4274360e-001	 -1.6022627e-001	 -1.6070995e-001	 -1.4330196e-001	 -1.1847667e-001	 -8.5600145e-002	 -7.4461617e-002	 -7.2282165e-002	
 -5.0063897e-003	 -1.3850933e-002	 -2.5097536e-002	 -4.3885995e-002	 -6.7104824e-002	 -9.2326976e-002	 -1.1460997e-001	 -1.3420010e-001	 -1.4461407e-001	 -1.4148606e-001	 -1.3108146e-001	 -1.1139362e-001	 -8.0748364e-002	 -7.9161391e-002	 -7.7629648e-002	
 -7.5096088e-003	 -1.8165221e-002	 -2.8711295e-002	 -4.6348982e-002	 -6.8257540e-002	 -9.4405286e-002	 -1.1971965e-001	 -1.3910565e-001	 -1.4383343e-001	 -1.3240196e-001	 -1.2450123e-001	 -1.1088601e-001	 -8.8469714e-002	 -8.7927565e-002	 -8.7506168e-002	
  5.0867070e-003	  6.5621971e-003	 -3.0400844e-003	 -2.0272315e-002	 -4.1289546e-002	 -6.7039832e-002	 -9.3436688e-002	 -1.1417009e-001	 -1.1787200e-001	 -9.9219695e-002	 -8.7524801e-002	 -7.9306141e-002	 -6.4730480e-002	 -6.4592518e-002	 -6.4525023e-002	
  1.9136138e-002	  3.4870140e-002	  2.6814042e-002	  1.0181680e-002	 -9.9194683e-003	 -3.4753308e-002	 -6.0582001e-002	 -8.3386824e-002	 -8.9475676e-002	 -6.7092001e-002	 -4.8703402e-002	 -4.1322075e-002	 -3.2695845e-002	 -3.2806493e-002	 -3.3062503e-002	
  3.7828695e-002	  7.1755670e-002	  6.5906860e-002	  5.0403245e-002	  3.1349678e-002	  7.8211194e-003	 -1.6766222e-002	 -4.0202633e-002	 -4.9892250e-002	 -2.7899994e-002	 -2.7547558e-003	  7.4158274e-003	  1.1859394e-002	  1.1531795e-002	  1.1114973e-002	
  4.5590434e-002	  8.5480794e-002	  8.2370684e-002	  6.9004387e-002	  5.1876746e-002	  3.0259620e-002	  7.4672736e-003	 -1.5521655e-002	 -2.7992791e-002	 -1.0268074e-002	  1.7689748e-002	  3.0395046e-002	  3.2709442e-002	  3.2206830e-002	  3.1744249e-002	
  3.9956082e-002	  7.5042397e-002	  7.3265716e-002	  6.3643068e-002	  4.9562261e-002	  3.0752983e-002	  1.1016992e-002	 -1.0505541e-002	 -2.4171136e-002	 -1.2326072e-002	  1.3058903e-002	  2.4924004e-002	  2.5170108e-002	  2.4453679e-002	  2.4087189e-002	
  4.0290579e-002	  7.6928020e-002	  7.6933824e-002	  7.0861250e-002	  6.0761869e-002	  4.5457054e-002	  2.8796919e-002	  9.7306045e-003	 -3.4539730e-003	  1.9016457e-003	  2.0401323e-002	  2.9207917e-002	  2.7221048e-002	  2.6393479e-002	  2.6394771e-002	
  6.1252724e-002	  1.1988275e-001	  1.2192091e-001	  1.1829382e-001	  1.1175127e-001	  1.0026361e-001	  8.6807936e-002	  7.1249530e-002	  5.9022471e-002	  5.7707205e-002	  6.6714644e-002	  7.0780829e-002	  6.6695429e-002	  6.6055544e-002	  6.6354096e-002	
  7.0903689e-002	  1.3923907e-001	  1.4403944e-001	  1.4332274e-001	  1.3963138e-001	  1.3172990e-001	  1.2151726e-001	  1.0949427e-001	  9.8262370e-002	  9.1638424e-002	  9.2429288e-002	  9.1163293e-002	  8.3918601e-002	  8.3459824e-002	  8.3999082e-002	
  4.7341209e-002	  9.3100563e-002	  9.8766521e-002	  1.0081363e-001	  9.9921338e-002	  9.4894499e-002	  8.7345570e-002	  7.8517437e-002	  6.8961322e-002	  6.0242873e-002	  5.6855690e-002	  5.1026836e-002	  3.9982595e-002	  3.9005030e-002	  3.9887667e-002	
  3.3629566e-002	  6.6479459e-002	  7.1071118e-002	  7.4270166e-002	  7.5841777e-002	  7.3452890e-002	  6.9111809e-002	  6.2516935e-002	  5.5071849e-002	  4.7248047e-002	  4.3901775e-002	  3.5364319e-002	  2.0517444e-002	  1.8549180e-002	  1.9802490e-002	
  4.0969152e-002	  8.1956312e-002	  8.5506961e-002	  8.9490607e-002	  9.2731804e-002	  9.2648514e-002	  9.0689972e-002	  8.5543625e-002	  7.9985812e-002	  7.5065419e-002	  7.5005472e-002	  6.6551059e-002	  4.8799060e-002	  4.5179889e-002	  4.5898590e-002	
  3.2267150e-002	  6.3729048e-002	  6.6705123e-002	  7.0540339e-002	  7.4575633e-002	  7.5884327e-002	  7.5486936e-002	  7.1675971e-002	  6.7360066e-002	  6.7053907e-002	  7.3087469e-002	  6.7475364e-002	  4.8661076e-002	  4.2775836e-002	  4.2789593e-002	
  6.8265884e-003	  1.4184582e-002	  1.5558666e-002	  1.8798122e-002	  2.3008337e-002	  2.4945814e-002	  2.5212577e-002	  2.2392167e-002	  1.9882964e-002	  2.7303057e-002	  4.1128173e-002	  3.8924947e-002	  1.9882318e-002	  1.1999842e-002	  1.1826879e-002	
  3.8578387e-003	  7.6955482e-003	  7.8015220e-003	  9.9259913e-003	  1.3722061e-002	  1.5599965e-002	  1.5985226e-002	  1.4385833e-002	  1.5777834e-002	  3.3422913e-002	  5.4198738e-002	  5.4790325e-002	  3.6093287e-002	  2.6942294e-002	  2.6680946e-002	
 -6.4731487e-003	 -1.4970514e-002	 -1.5865078e-002	 -1.5146120e-002	 -1.2213333e-002	 -1.0675648e-002	 -1.0001644e-002	 -1.0277199e-002	 -4.9061193e-003	  2.0976834e-002	  4.5050800e-002	  4.7135375e-002	  2.8937792e-002	  1.8951718e-002	  1.8692197e-002	
 -1.8614165e-002	 -4.4530958e-002	 -4.7170937e-002	 -4.7679022e-002	 -4.6320654e-002	 -4.5524325e-002	 -4.4915292e-002	 -4.4208486e-002	 -3.6217056e-002	 -7.4125398e-003	  1.3788776e-002	  1.4380034e-002	 -2.9874893e-003	 -1.3493594e-002	 -1.3637939e-002	
 -2.0317467e-002	 -5.1373579e-002	 -5.7283595e-002	 -5.8966056e-002	 -5.9902348e-002	 -6.0158238e-002	 -5.9710823e-002	 -5.7962857e-002	 -4.8306681e-002	 -2.2845501e-002	 -9.1366814e-003	 -1.1406367e-002	 -2.6632713e-002	 -3.5893269e-002	 -3.5704598e-002	
 -2.4309479e-002	 -6.1061800e-002	 -6.9911093e-002	 -7.3238872e-002	 -7.7338770e-002	 -7.8705758e-002	 -7.7808514e-002	 -7.4346349e-002	 -6.5430462e-002	 -5.1853709e-002	 -4.9900040e-002	 -5.3919055e-002	 -6.5404788e-002	 -7.1173146e-002	 -7.0519328e-002	
 -2.2752415e-002	 -5.9247218e-002	 -7.0796154e-002	 -7.6393083e-002	 -8.3332971e-002	 -8.5956685e-002	 -8.4869713e-002	 -8.1753135e-002	 -7.8814462e-002	 -7.7961072e-002	 -8.3596095e-002	 -8.5958257e-002	 -8.9561082e-002	 -8.9732312e-002	 -8.8952333e-002	
 -2.2716172e-002	 -5.7205137e-002	 -7.0743099e-002	 -7.9201534e-002	 -8.8971980e-002	 -9.3756802e-002	 -9.4700664e-002	 -9.5360309e-002	 -9.9544756e-002	 -1.0531171e-001	 -1.1056184e-001	 -1.0783889e-001	 -1.0137677e-001	 -9.4869092e-002	 -9.3844697e-002	
 -2.0493919e-002	 -4.9773261e-002	 -6.5460443e-002	 -7.7421188e-002	 -9.0402380e-002	 -9.8708905e-002	 -1.0440129e-001	 -1.1249226e-001	 -1.2398350e-001	 -1.3080411e-001	 -1.3206543e-001	 -1.2338132e-001	 -1.0953523e-001	 -9.6823029e-002	 -9.5407173e-002	
 -1.6783768e-002	 -4.0864460e-002	 -5.6734949e-002	 -7.2268918e-002	 -8.8831395e-002	 -1.0161568e-001	 -1.1392795e-001	 -1.3053727e-001	 -1.4791906e-001	 -1.5486133e-001	 -1.5326546e-001	 -1.3994916e-001	 -1.2086630e-001	 -1.0446086e-001	 -1.0289635e-001	
 -9.9367881e-003	 -2.8146487e-002	 -4.3133229e-002	 -6.0749371e-002	 -8.0598466e-002	 -9.8319009e-002	 -1.1623263e-001	 -1.3886273e-001	 -1.6067186e-001	 -1.6977924e-001	 -1.6943127e-001	 -1.5603438e-001	 -1.3405779e-001	 -1.1488068e-001	 -1.1321479e-001	
  1.2780806e-002	  1.6410271e-002	  3.4523054e-003	 -1.4311702e-002	 -3.5102542e-002	 -5.6333538e-002	 -7.7019200e-002	 -1.0209522e-001	 -1.2530106e-001	 -1.3689029e-001	 -1.4153273e-001	 -1.3494785e-001	 -1.1476066e-001	 -9.2508256e-002	 -9.0507478e-002	
  2.7939543e-002	  4.6190403e-002	  3.6027070e-002	  1.8952856e-002	 -8.9037232e-004	 -2.3226608e-002	 -4.5124542e-002	 -7.0285544e-002	 -9.2346914e-002	 -1.0373047e-001	 -1.1148941e-001	 -1.1290243e-001	 -9.9095032e-002	 -7.4114092e-002	 -6.9882981e-002	
  2.4372170e-002	  3.9428137e-002	  3.1766668e-002	  1.6081017e-002	 -2.3941980e-003	 -2.4098089e-002	 -4.5619838e-002	 -6.9628045e-002	 -9.0307713e-002	 -1.0021058e-001	 -1.0739975e-001	 -1.1300969e-001	 -1.0559541e-001	 -7.7401474e-002	 -6.9660120e-002	
  1.7463373e-002	  2.7356289e-002	  2.1330802e-002	  7.3191733e-003	 -9.3700746e-003	 -2.9717224e-002	 -4.9907360e-002	 -7.2166264e-002	 -9.1062263e-002	 -9.8870590e-002	 -1.0288783e-001	 -1.0813931e-001	 -1.0474291e-001	 -7.2003737e-002	 -6.2634915e-002	
  3.1279627e-002	  5.8687508e-002	  5.3946335e-002	  4.2426508e-002	  2.7746994e-002	  9.2254272e-003	 -9.1748536e-003	 -2.9376017e-002	 -4.5276888e-002	 -5.0455287e-002	 -5.0415616e-002	 -5.2612532e-002	 -5.0726335e-002	 -1.4676467e-002	 -4.4520916e-003	
  4.9767185e-002	  9.5233843e-002	  9.2484593e-002	  8.3804250e-002	  7.1406186e-002	  5.4997467e-002	  3.8456798e-002	  2.0318339e-002	  7.6960078e-003	  5.4495567e-003	  8.8916300e-003	  9.3986932e-003	  1.1306939e-002	  5.0220542e-002	  5.9491076e-002	
  6.2249869e-002	  1.2042025e-001	  1.2031008e-001	  1.1392576e-001	  1.0434856e-001	  9.0558812e-002	  7.6104105e-002	  6.0285524e-002	  4.9898624e-002	  4.8741058e-002	  5.2782543e-002	  5.3701937e-002	  5.5449687e-002	  9.3761884e-002	  1.0257521e-001	
  5.0730396e-002	  9.7359754e-002	  9.9689335e-002	  9.5472001e-002	  8.8367537e-002	  7.7178061e-002	  6.4766370e-002	  5.1417790e-002	  4.2367559e-002	  4.0727876e-002	  4.2895056e-002	  4.2169943e-002	  4.2423151e-002	  7.8008369e-002	  8.6080983e-002	
  4.2026438e-002	  8.0680192e-002	  8.3931021e-002	  8.2190625e-002	  7.7162758e-002	  6.8319179e-002	  5.8399227e-002	  4.7135759e-002	  3.9590422e-002	  3.6794450e-002	  3.5597436e-002	  3.1888850e-002	  2.9998656e-002	  6.1648108e-002	  6.9221273e-002	
  5.3005587e-002	  1.0259116e-001	  1.0558915e-001	  1.0644165e-001	  1.0410735e-001	  9.7418688e-002	  8.9882478e-002	  8.0548108e-002	  7.3873430e-002	  6.9846511e-002	  6.5490566e-002	  5.8576528e-002	  5.4014567e-002	  8.1410274e-002	  8.8723198e-002	
  6.9071129e-002	  1.3576683e-001	  1.3916904e-001	  1.4121744e-001	  1.4137885e-001	  1.3739967e-001	  1.3237181e-001	  1.2477079e-001	  1.1821169e-001	  1.1322385e-001	  1.0797738e-001	  9.9659801e-002	  9.3420528e-002	  1.1709572e-001	  1.2504275e-001	
  3.6937211e-002	  7.3899001e-002	  7.6763175e-002	  7.9704776e-002	  8.1641138e-002	  7.9927079e-002	  7.6893345e-002	  7.0585735e-002	  6.5202408e-002	  6.4358450e-002	  6.4930469e-002	  6.0043041e-002	  5.6928776e-002	  7.9736724e-002	  8.8426851e-002	
  1.8660398e-002	  3.5583794e-002	  3.6454521e-002	  3.8488884e-002	  4.1063998e-002	  4.0738482e-002	  4.0153529e-002	  3.5813190e-002	  3.3458278e-002	  3.9371204e-002	  4.5586560e-002	  4.2865489e-002	  4.1599028e-002	  6.2373046e-002	  7.1385331e-002	
  3.1768762e-002	  5.9218384e-002	  5.9577435e-002	  6.0737960e-002	  6.3388526e-002	  6.3662007e-002	  6.4595111e-002	  6.2077377e-002	  6.1682753e-002	  6.7833617e-002	  7.1650900e-002	  6.5123565e-002	  5.7654466e-002	  7.3339485e-002	  8.1651457e-002	
  1.9334953e-002	  3.4862891e-002	  3.5193112e-002	  3.5975799e-002	  3.8354576e-002	  3.8785305e-002	  3.9999526e-002	  3.8461234e-002	  3.9207332e-002	  4.4026870e-002	  4.4779077e-002	  3.4411035e-002	  1.8682359e-002	  2.8762620e-002	  3.5479326e-002	
  1.1148457e-002	  2.0595832e-002	  2.0341661e-002	  2.0619566e-002	  2.2482028e-002	  2.2856599e-002	  2.3884499e-002	  2.2842186e-002	  2.4749028e-002	  2.9764431e-002	  2.9644398e-002	  1.6871465e-002	 -6.3808286e-003	 -1.9170425e-003	  2.6777051e-003	
  6.6988552e-003	  1.1985026e-002	  1.1155302e-002	  1.0934530e-002	  1.2277774e-002	  1.2606673e-002	  1.3225181e-002	  1.2259118e-002	  1.4620770e-002	  2.0814635e-002	  2.1320697e-002	  7.1389568e-003	 -2.3015888e-002	 -2.5163770e-002	 -2.2750236e-002	
 -1.5205866e-002	 -3.4029253e-002	 -3.5895862e-002	 -3.6732808e-002	 -3.6513302e-002	 -3.6501288e-002	 -3.6320735e-002	 -3.6857314e-002	 -3.3678446e-002	 -2.5652569e-002	 -2.3760766e-002	 -3.9097995e-002	 -7.5835861e-002	 -8.3832785e-002	 -8.2452454e-002	
 -1.1737677e-002	 -2.7227947e-002	 -3.0791461e-002	 -3.2443743e-002	 -3.4015607e-002	 -3.4838680e-002	 -3.5078920e-002	 -3.4995947e-002	 -3.0645626e-002	 -2.0642813e-002	 -1.8365728e-002	 -3.5448901e-002	 -8.0128998e-002	 -9.2627890e-002	 -9.2114843e-002	
 -1.5353205e-002	 -3.4927875e-002	 -3.9572068e-002	 -4.2959716e-002	 -4.6482950e-002	 -4.9180526e-002	 -4.9764279e-002	 -4.8872840e-002	 -4.4109371e-002	 -3.6231246e-002	 -3.6566168e-002	 -5.3630475e-002	 -1.0210914e-001	 -1.1868321e-001	 -1.1934736e-001	
 -2.6881371e-002	 -5.8073301e-002	 -6.3539997e-002	 -6.8717457e-002	 -7.4080758e-002	 -7.9860136e-002	 -8.0726840e-002	 -7.9556435e-002	 -7.5797364e-002	 -7.1627393e-002	 -7.4184597e-002	 -8.6319268e-002	 -1.2811515e-001	 -1.5119800e-001	 -1.5292940e-001	
 -2.0683063e-002	 -4.9085297e-002	 -5.6324903e-002	 -6.3429281e-002	 -7.1511194e-002	 -7.9483792e-002	 -8.2433358e-002	 -8.2896605e-002	 -8.3390713e-002	 -8.6756855e-002	 -9.1401353e-002	 -9.5258683e-002	 -1.2141878e-001	 -1.4991066e-001	 -1.5388972e-001	
 -9.2991926e-003	 -2.2296872e-002	 -3.0060731e-002	 -3.9543655e-002	 -4.9869593e-002	 -6.0592327e-002	 -6.7516290e-002	 -7.4063756e-002	 -8.3362304e-002	 -9.7734980e-002	 -1.0681800e-001	 -1.0461713e-001	 -1.1341455e-001	 -1.4499393e-001	 -1.5390141e-001	
 -1.1290883e-002	 -2.4532644e-002	 -3.2353655e-002	 -4.3390203e-002	 -5.6280669e-002	 -6.9809206e-002	 -8.1879608e-002	 -9.7190663e-002	 -1.1758995e-001	 -1.4099452e-001	 -1.5656522e-001	 -1.5623409e-001	 -1.5792912e-001	 -2.0067595e-001	 -2.0885611e-001	
 -6.6814898e-003	 -1.5951153e-002	 -2.3663359e-002	 -3.5679836e-002	 -5.0678216e-002	 -6.6581354e-002	 -8.2485430e-002	 -1.0317855e-001	 -1.2854135e-001	 -1.5473279e-001	 -1.7563978e-001	 -1.8532977e-001	 -1.9849434e-001	 -2.5144920e-001	 -2.5953245e-001	
 -5.9028011e-004	 -4.5576864e-003	 -1.1870097e-002	 -2.4141448e-002	 -3.9745770e-002	 -5.6527175e-002	 -7.3334381e-002	 -9.4526917e-002	 -1.1837955e-001	 -1.4172757e-001	 -1.6342023e-001	 -1.8226473e-001	 -2.1325594e-001	 -2.6880738e-001	 -2.7597255e-001	
  2.3589842e-002	  4.1713376e-002	  3.5455197e-002	  2.4021318e-002	  9.2158178e-003	 -7.8077693e-003	 -2.4538396e-002	 -4.4907309e-002	 -6.6696957e-002	 -8.6942613e-002	 -1.0626687e-001	 -1.2967518e-001	 -1.7186889e-001	 -2.3002777e-001	 -2.3657349e-001	
  4.1186240e-002	  7.7671073e-002	  7.3042758e-002	  6.1829019e-002	  4.8103422e-002	  3.2214440e-002	  1.6358288e-002	 -2.3978949e-003	 -2.1674471e-002	 -4.0022381e-002	 -5.7038788e-002	 -7.9593472e-002	 -1.2298756e-001	 -1.8585190e-001	 -1.9309050e-001	
  4.1716609e-002	  7.8723550e-002	  7.4955821e-002	  6.5546095e-002	  5.3366274e-002	  3.8719583e-002	  2.4070887e-002	  7.0465696e-003	 -9.9585541e-003	 -2.5834311e-002	 -4.0151156e-002	 -5.9159093e-002	 -9.7637095e-002	 -1.6362579e-001	 -1.7227346e-001	
  3.0929022e-002	  5.7791010e-002	  5.5473257e-002	  4.7860645e-002	  3.7729058e-002	  2.4906898e-002	  1.2029605e-002	 -2.7129271e-003	 -1.6595647e-002	 -2.8920909e-002	 -3.9193753e-002	 -5.3484902e-002	 -8.5196681e-002	 -1.5050459e-001	 -1.6478837e-001	
  3.6643721e-002	  6.9170743e-002	  6.7394398e-002	  6.1354876e-002	  5.3495128e-002	  4.2627800e-002	  3.1875964e-002	  1.9226551e-002	  8.4902858e-003	  6.2717783e-004	 -4.4759717e-003	 -1.3349877e-002	 -3.7253935e-002	 -9.5488429e-002	 -1.2229307e-001	
  4.7784731e-002	  9.3286984e-002	  9.3065292e-002	  8.8840924e-002	  8.3419740e-002	  7.4561149e-002	  6.5835714e-002	  5.4907285e-002	  4.6532713e-002	  4.2137124e-002	  4.1716687e-002	  3.7812926e-002	  2.2130741e-002	 -2.4969870e-002	 -6.5768458e-002	
  6.2278990e-002	  1.2040094e-001	  1.2294394e-001	  1.2019077e-001	  1.1645036e-001	  1.0984986e-001	  1.0283437e-001	  9.3504593e-002	  8.6019367e-002	  8.2696915e-002	  8.3569847e-002	  8.1731752e-002	  7.2101787e-002	  3.6984097e-002	 -1.0646751e-002	
  5.1854338e-002	  9.9748105e-002	  1.0438885e-001	  1.0407901e-001	  1.0218892e-001	  9.7718447e-002	  9.2099905e-002	  8.4109545e-002	  7.6496661e-002	  7.1939051e-002	  7.1184337e-002	  6.7723580e-002	  6.0135834e-002	  3.4741901e-002	 -1.1771536e-002	
  3.3472367e-002	  6.5175705e-002	  6.9429450e-002	  7.1190819e-002	  7.1754850e-002	  6.9634788e-002	  6.6518433e-002	  5.9489887e-002	  5.1833980e-002	  4.4966724e-002	  4.1234914e-002	  3.4392189e-002	  2.5100010e-002	  6.2415083e-003	 -3.4030821e-002	
  5.5282153e-002	  1.0869076e-001	  1.1218439e-001	  1.1553046e-001	  1.1844519e-001	  1.1864980e-001	  1.1791144e-001	  1.1184822e-001	  1.0424807e-001	  9.4925508e-002	  8.7611191e-002	  7.7048555e-002	  6.5057464e-002	  5.0059780e-002	  1.7940469e-002	
  5.9534952e-002	  1.1703888e-001	  1.2075439e-001	  1.2498996e-001	  1.2965301e-001	  1.3182665e-001	  1.3292050e-001	  1.2784368e-001	  1.1994691e-001	  1.0872550e-001	  9.8376796e-002	  8.4875926e-002	  7.1007498e-002	  5.9169747e-002	  3.5982706e-002	
  2.6412480e-002	  5.3973936e-002	  5.6524638e-002	  6.1093774e-002	  6.6958025e-002	  7.0245363e-002	  7.1882077e-002	  6.6804834e-002	  5.8550157e-002	  4.9210038e-002	  4.1251563e-002	  2.8763009e-002	  1.6426764e-002	  1.0219775e-002	 -3.5692253e-003	
  1.1227178e-002	  2.4339287e-002	  2.5295682e-002	  2.9001806e-002	  3.5253942e-002	  3.8587909e-002	  3.9475128e-002	  3.4278389e-002	  2.7574440e-002	  2.4262372e-002	  2.0618785e-002	  9.9413479e-003	  1.0054563e-003	  1.9481406e-003	 -1.1946614e-003	
  1.6183959e-002	  3.0797515e-002	  3.0875344e-002	  3.3664025e-002	  3.9626904e-002	  4.2682398e-002	  4.3382600e-002	  3.8684621e-002	  3.2879248e-002	  3.1353530e-002	  2.3954673e-002	  7.9526016e-003	 -1.7453296e-003	  4.4767195e-003	  1.2057817e-002	
  6.2529594e-003	  9.1018761e-003	  8.7908218e-003	  1.0630576e-002	  1.6100021e-002	  1.8602205e-002	  1.9268127e-002	  1.5021920e-002	  9.0048350e-003	  4.6087736e-003	 -1.0490036e-002	 -3.4941271e-002	 -4.7720503e-002	 -4.0019620e-002	 -2.3219625e-002	
 -4.4535077e-003	 -1.0038856e-002	 -1.0802096e-002	 -9.6688941e-003	 -4.9699983e-003	 -3.0940862e-003	 -2.8680528e-003	 -7.1495096e-003	 -1.3749821e-002	 -2.0958729e-002	 -4.1191060e-002	 -7.1891978e-002	 -8.7100483e-002	 -7.8929052e-002	 -5.5714045e-002	
 -5.6288573e-003	 -1.2635395e-002	 -1.3901707e-002	 -1.3270372e-002	 -9.5399143e-003	 -8.2435273e-003	 -8.6732889e-003	 -1.3277213e-002	 -2.0684469e-002	 -2.9858956e-002	 -5.3198311e-002	 -8.7809227e-002	 -1.0413054e-001	 -9.6390344e-002	 -7.0584379e-002	
 -8.4258290e-003	 -2.0377785e-002	 -2.2451563e-002	 -2.2373542e-002	 -1.9988976e-002	 -1.9547760e-002	 -2.0862473e-002	 -2.6228806e-002	 -3.4235910e-002	 -4.5518056e-002	 -7.4208632e-002	 -1.1181967e-001	 -1.2930030e-001	 -1.2060992e-001	 -9.5844395e-002	
 -8.5779466e-003	 -2.2105910e-002	 -2.5222357e-002	 -2.5793349e-002	 -2.5127996e-002	 -2.5870988e-002	 -2.8236052e-002	 -3.4438789e-002	 -4.3203220e-002	 -5.7760186e-002	 -9.3607776e-002	 -1.3390522e-001	 -1.4976728e-001	 -1.3885477e-001	 -1.1947096e-001	
 -1.1834648e-002	 -2.9548509e-002	 -3.3908594e-002	 -3.5384666e-002	 -3.6999363e-002	 -3.8907677e-002	 -4.1988805e-002	 -4.8849847e-002	 -5.9080090e-002	 -7.7605560e-002	 -1.1870953e-001	 -1.5928052e-001	 -1.7177652e-001	 -1.5894294e-001	 -1.4527321e-001	
 -1.7684326e-002	 -4.1581232e-002	 -4.7104046e-002	 -4.9770113e-002	 -5.4169461e-002	 -5.7810701e-002	 -6.1839063e-002	 -6.9876723e-002	 -8.2671061e-002	 -1.0704371e-001	 -1.5266088e-001	 -1.9163130e-001	 -2.0089075e-001	 -1.8512237e-001	 -1.7186877e-001	
 -2.1930620e-002	 -4.8982799e-002	 -5.5440102e-002	 -5.9569426e-002	 -6.6585511e-002	 -7.2586760e-002	 -7.8647859e-002	 -8.9156330e-002	 -1.0663450e-001	 -1.3998339e-001	 -1.9252214e-001	 -2.2779870e-001	 -2.3264921e-001	 -2.1312173e-001	 -1.9569740e-001	
  2.1867217e-003	  1.6214572e-003	 -5.3440616e-003	 -1.0975282e-002	 -2.0283401e-002	 -2.8968425e-002	 -3.7807658e-002	 -5.2095570e-002	 -7.6776087e-002	 -1.2078074e-001	 -1.7835966e-001	 -2.0893714e-001	 -2.1238154e-001	 -1.9651809e-001	 -1.7791677e-001	
  1.7919559e-002	  3.5638265e-002	  2.8960506e-002	  2.1971069e-002	  1.1679546e-002	  9.4718690e-004	 -1.0054908e-002	 -2.6818562e-002	 -5.6440227e-002	 -1.0540318e-001	 -1.6153082e-001	 -1.9456485e-001	 -2.0951369e-001	 -2.0621106e-001	 -1.9057122e-001	
  9.9497680e-003	  1.9372683e-002	  1.4022918e-002	  5.9619993e-003	 -4.2337133e-003	 -1.5662545e-002	 -2.7423039e-002	 -4.4180982e-002	 -7.1710505e-002	 -1.1451236e-001	 -1.6320287e-001	 -2.0499900e-001	 -2.3581436e-001	 -2.4851185e-001	 -2.3467490e-001	
  1.1199974e-002	  2.1674585e-002	  1.7686771e-002	  9.4659636e-003	 -1.5559512e-004	 -1.1237473e-002	 -2.2524031e-002	 -3.7862409e-002	 -6.1115503e-002	 -9.4891161e-002	 -1.3380799e-001	 -1.8039057e-001	 -2.2182633e-001	 -2.4873428e-001	 -2.3634151e-001	
  2.5299560e-002	  4.9579848e-002	  4.6362948e-002	  3.8717527e-002	  2.9710028e-002	  1.9515902e-002	  9.4938939e-003	 -4.4499594e-003	 -2.3864685e-002	 -4.9467068e-002	 -8.0162346e-002	 -1.2357953e-001	 -1.6878402e-001	 -2.0275304e-001	 -1.9184582e-001	
  2.9573858e-002	  5.7640545e-002	  5.5434600e-002	  4.9455579e-002	  4.1558191e-002	  3.2444257e-002	  2.3667647e-002	  1.1540470e-002	 -4.2867707e-003	 -2.3577264e-002	 -4.6183858e-002	 -8.1795141e-002	 -1.2534806e-001	 -1.6246593e-001	 -1.4846531e-001	
  4.6940997e-002	  9.0955660e-002	  9.0384297e-002	  8.5592031e-002	  7.9384267e-002	  7.1658149e-002	  6.4434320e-002	  5.4157354e-002	  4.1675441e-002	  2.8131230e-002	  1.4425157e-002	 -1.0564839e-002	 -4.8848812e-002	 -8.6666048e-002	 -6.8611994e-002	
  4.2374071e-002	  8.2228407e-002	  8.2694598e-002	  7.9488769e-002	  7.5051025e-002	  6.8814926e-002	  6.2959760e-002	  5.4167964e-002	  4.4504251e-002	  3.6308076e-002	  3.1403769e-002	  1.6463684e-002	 -1.4364818e-002	 -4.9907595e-002	 -2.7298033e-002	
  2.9554820e-002	  5.5203289e-002	  5.6177076e-002	  5.3725883e-002	  5.0698899e-002	  4.6132516e-002	  4.1900072e-002	  3.4542073e-002	  2.7105613e-002	  2.3230150e-002	  2.4213344e-002	  1.5409140e-002	 -8.2625672e-003	 -3.7997220e-002	 -1.0899072e-002	
  4.5785293e-002	  8.5970774e-002	  8.7574035e-002	  8.6327165e-002	  8.4604010e-002	  8.1486523e-002	  7.8549668e-002	  7.2523624e-002	  6.6493347e-002	  6.4745247e-002	  6.7179479e-002	  5.8882773e-002	  3.7889972e-002	  1.2750663e-002	  4.1290913e-002	
  6.2869102e-002	  1.2172664e-001	  1.2432815e-001	  1.2446363e-001	  1.2403471e-001	  1.2236469e-001	  1.2108884e-001	  1.1671105e-001	  1.1155954e-001	  1.0925102e-001	  1.0976911e-001	  9.8010153e-002	  7.5215951e-002	  5.1307801e-002	  7.4704044e-002	
  4.4747613e-002	  8.6616457e-002	  8.9776024e-002	  9.1852501e-002	  9.3255065e-002	  9.3210265e-002	  9.3342185e-002	  9.0654179e-002	  8.6524248e-002	  8.2426280e-002	  7.9495728e-002	  6.3725635e-002	  3.6464039e-002	  1.2350000e-002	  2.9764714e-002	
  2.7661402e-002	  5.4307431e-002	  5.6240898e-002	  5.8788642e-002	  6.1855327e-002	  6.3472912e-002	  6.5503009e-002	  6.3856065e-002	  6.0717952e-002	  5.5267595e-002	  4.8416577e-002	  2.8682858e-002	 -3.3631090e-003	 -2.8119538e-002	 -1.2243083e-002	
  4.0712833e-002	  8.0505073e-002	  8.2080863e-002	  8.5163668e-002	  8.9674339e-002	  9.2727393e-002	  9.5756948e-002	  9.4862007e-002	  9.2194110e-002	  8.5128956e-002	  7.4458562e-002	  5.0981309e-002	  1.4500983e-002	 -1.2588666e-002	  2.3435294e-003	
  4.2740148e-002	  8.4062457e-002	  8.6196452e-002	  8.9723647e-002	  9.5189244e-002	  9.9220425e-002	  1.0255501e-001	  1.0217302e-001	  9.9318452e-002	  9.0649024e-002	  7.6891422e-002	  4.9879774e-002	  1.0298665e-002	 -1.7908612e-002	 -7.4549676e-003	
  1.7130654e-002	  3.6220834e-002	  3.7858199e-002	  4.1567098e-002	  4.7574762e-002	  5.2007545e-002	  5.5292670e-002	  5.4739211e-002	  5.1117007e-002	  4.1184101e-002	  2.5492320e-002	 -3.7727184e-003	 -4.4423498e-002	 -7.0310771e-002	 -6.4804904e-002	
  5.1250844e-003	  1.2757515e-002	  1.4014340e-002	  1.7552897e-002	  2.3576671e-002	  2.7906207e-002	  3.0772060e-002	  2.9456448e-002	  2.4868162e-002	  1.5006972e-002	 -7.0327858e-004	 -3.0443246e-002	 -7.0343621e-002	 -9.3120269e-002	 -8.9016318e-002	
  4.5586973e-003	  1.0021544e-002	  1.0935340e-002	  1.4336918e-002	  2.0317353e-002	  2.4460383e-002	  2.6730876e-002	  2.4791587e-002	  1.9651808e-002	  1.1570081e-002	 -1.1090991e-003	 -2.9226243e-002	 -6.7027785e-002	 -8.6989544e-002	 -8.3813794e-002	
 -9.2797978e-003	 -1.9493919e-002	 -1.8923115e-002	 -1.6341832e-002	 -1.0913440e-002	 -6.9964128e-003	 -4.8893266e-003	 -6.9421958e-003	 -1.2135768e-002	 -1.8047184e-002	 -2.6435683e-002	 -5.0495386e-002	 -8.4887899e-002	 -1.0187090e-001	 -9.9324740e-002	
 -2.1198239e-002	 -4.4101782e-002	 -4.4812378e-002	 -4.2885698e-002	 -3.8470402e-002	 -3.4861237e-002	 -3.3026621e-002	 -3.5165198e-002	 -4.0265724e-002	 -4.4777684e-002	 -5.0585650e-002	 -7.1617901e-002	 -1.0392142e-001	 -1.1943904e-001	 -1.1687581e-001	
 -1.8979650e-002	 -4.0385164e-002	 -4.3050252e-002	 -4.2457506e-002	 -3.9800234e-002	 -3.6925782e-002	 -3.5622671e-002	 -3.7889425e-002	 -4.2563327e-002	 -4.6507761e-002	 -5.4399468e-002	 -7.6661840e-002	 -1.0964687e-001	 -1.2568465e-001	 -1.2376580e-001	
 -1.4249212e-002	 -3.4747273e-002	 -3.9996460e-002	 -4.0578853e-002	 -4.0277995e-002	 -3.8450412e-002	 -3.7786029e-002	 -4.0386166e-002	 -4.4817053e-002	 -4.9013279e-002	 -6.2404681e-002	 -8.6848408e-002	 -1.1923615e-001	 -1.3714167e-001	 -1.3658619e-001	
 -1.8961705e-002	 -4.2501669e-002	 -4.9487825e-002	 -5.2056517e-002	 -5.4342534e-002	 -5.3960409e-002	 -5.3834472e-002	 -5.6836031e-002	 -6.1850954e-002	 -6.8331465e-002	 -8.6234875e-002	 -1.1111341e-001	 -1.3560191e-001	 -1.5286702e-001	 -1.5359931e-001	
 -2.4347208e-002	 -5.0467484e-002	 -5.9116662e-002	 -6.3571483e-002	 -6.8738490e-002	 -7.0684701e-002	 -7.1502715e-002	 -7.5621307e-002	 -8.2805738e-002	 -9.4337836e-002	 -1.1831655e-001	 -1.4355776e-001	 -1.5689047e-001	 -1.6612440e-001	 -1.6422275e-001	
 -2.8057475e-002	 -5.6858644e-002	 -6.5655179e-002	 -7.2863251e-002	 -8.1130296e-002	 -8.5963994e-002	 -8.9989699e-002	 -9.7261138e-002	 -1.0900414e-001	 -1.2920853e-001	 -1.6011640e-001	 -1.8423316e-001	 -1.8836293e-001	 -1.8594509e-001	 -1.7740428e-001	
 -1.5114987e-002	 -2.9362282e-002	 -3.6681920e-002	 -4.6332859e-002	 -5.7411011e-002	 -6.5429538e-002	 -7.3219568e-002	 -8.5724309e-002	 -1.0486954e-001	 -1.3430318e-001	 -1.7060079e-001	 -1.9158751e-001	 -1.9289199e-001	 -1.8777025e-001	 -1.8104818e-001	
  1.3954963e-002	  2.8540118e-002	  2.2918466e-002	  1.2144438e-002	 -5.4684369e-004	 -1.1346349e-002	 -2.2185680e-002	 -3.8751807e-002	 -6.3493855e-002	 -9.6611999e-002	 -1.3217801e-001	 -1.5395972e-001	 -1.6430795e-001	 -1.7030072e-001	 -1.7535938e-001	
  2.4056254e-002	  4.6655081e-002	  4.2665340e-002	  3.1698059e-002	  1.8904611e-002	  6.6278111e-003	 -5.2065672e-003	 -2.2257078e-002	 -4.6250716e-002	 -7.6403864e-002	 -1.0723214e-001	 -1.3306057e-001	 -1.5394181e-001	 -1.7418620e-001	 -1.8980944e-001	
  1.1242907e-002	  2.0220678e-002	  1.7841488e-002	  7.4320333e-003	 -4.7212844e-003	 -1.6986718e-002	 -2.8539136e-002	 -4.4308662e-002	 -6.5132484e-002	 -9.0162441e-002	 -1.1571802e-001	 -1.4344472e-001	 -1.7007220e-001	 -1.9875890e-001	 -2.2044480e-001	
  1.2036504e-002	  2.2260528e-002	  2.0906443e-002	  1.1583487e-002	  7.5769261e-004	 -1.0656229e-002	 -2.1299381e-002	 -3.5365183e-002	 -5.2900780e-002	 -7.3797487e-002	 -9.5922336e-002	 -1.2217680e-001	 -1.5053359e-001	 -1.8072954e-001	 -2.0585848e-001	
  2.0853108e-002	  4.0412806e-002	  3.9046984e-002	  3.0823139e-002	  2.1750977e-002	  1.1843287e-002	  2.7767259e-003	 -9.5750354e-003	 -2.4300760e-002	 -4.1335892e-002	 -6.0390044e-002	 -8.3787709e-002	 -1.1057496e-001	 -1.3881418e-001	 -1.6435510e-001	
  4.1696083e-002	  8.1078529e-002	  7.9963423e-002	  7.4126363e-002	  6.6901341e-002	  5.8692787e-002	  5.1113941e-002	  4.0619172e-002	  2.8363789e-002	  1.4580285e-002	 -9.5572631e-004	 -2.0624766e-002	 -4.3713797e-002	 -6.8373471e-002	 -9.2765316e-002	
  5.1244486e-002	  1.0032324e-001	  1.0079649e-001	  9.7259350e-002	  9.2441276e-002	  8.6152822e-002	  8.0239236e-002	  7.1508758e-002	  6.1448958e-002	  5.0433554e-002	  3.8653485e-002	  2.3162229e-002	  4.7429386e-003	 -1.5860282e-002	 -3.8542550e-002	
  3.8039878e-002	  7.4246787e-002	  7.5766928e-002	  7.3972687e-002	  7.1483865e-002	  6.7163765e-002	  6.2928699e-002	  5.5780437e-002	  4.7512110e-002	  3.8647007e-002	  3.0171134e-002	  1.8665567e-002	  5.4349750e-003	 -1.0354733e-002	 -2.9826751e-002	
  2.4739021e-002	  4.6766613e-002	  4.8457190e-002	  4.7657683e-002	  4.7211606e-002	  4.4858500e-002	  4.2557817e-002	  3.6643274e-002	  2.9871138e-002	  2.2903621e-002	  1.6868852e-002	  8.3391713e-003	 -5.1130081e-004	 -1.0957567e-002	 -2.5623450e-002	
  4.2323131e-002	  8.2393050e-002	  8.4489807e-002	  8.5306220e-002	  8.6617053e-002	  8.6140081e-002	  8.5448854e-002	  8.0761716e-002	  7.4820094e-002	  6.8837926e-002	  6.4109638e-002	  5.6085587e-002	  4.8530113e-002	  4.1992120e-002	  3.1769603e-002	
  5.6832876e-002	  1.1183964e-001	  1.1476915e-001	  1.1666577e-001	  1.1930349e-001	  1.2075132e-001	  1.2200725e-001	  1.1885208e-001	  1.1387506e-001	  1.0790174e-001	  1.0269197e-001	  9.2735611e-002	  8.2144223e-002	  7.6069914e-002	  6.7910627e-002	
  3.2152563e-002	  6.3545436e-002	  6.6505916e-002	  6.9598779e-002	  7.3807813e-002	  7.6825351e-002	  7.9537168e-002	  7.7750005e-002	  7.3698148e-002	  6.7769349e-002	  6.1645441e-002	  4.8960425e-002	  3.3994056e-002	  2.6667424e-002	  1.9077541e-002	
  1.4184307e-002	  2.9783146e-002	  3.1457882e-002	  3.4635715e-002	  4.0058244e-002	  4.4356499e-002	  4.8434276e-002	  4.7273044e-002	  4.4101547e-002	  3.8336348e-002	  3.0819863e-002	  1.5544150e-002	 -2.8536152e-003	 -1.1151849e-002	 -1.8330609e-002	
  2.7448528e-002	  5.4591715e-002	  5.5577122e-002	  5.8754995e-002	  6.4964741e-002	  6.9916494e-002	  7.4212119e-002	  7.3534168e-002	  7.0798330e-002	  6.4330429e-002	  5.4411985e-002	  3.4893055e-002	  1.2401431e-002	  3.0842114e-003	 -2.9393667e-003	
  2.5673445e-002	  4.9408101e-002	  5.0546743e-002	  5.3854540e-002	  6.0428433e-002	  6.5546632e-002	  6.9697894e-002	  6.9445327e-002	  6.6680163e-002	  5.8906607e-002	  4.5681987e-002	  2.0764943e-002	 -6.8159285e-003	 -1.8076601e-002	 -2.2348600e-002	
  4.4057863e-003	  9.8284120e-003	  1.0535419e-002	  1.3570575e-002	  2.0108448e-002	  2.4961142e-002	  2.8845778e-002	  2.8467132e-002	  2.5267901e-002	  1.6167264e-002	  2.3908666e-004	 -2.9346976e-002	 -6.0515758e-002	 -7.2898030e-002	 -7.4603416e-002	
 -9.0248458e-004	 -1.0769636e-003	 -5.6469662e-004	  2.1292537e-003	  8.2999421e-003	  1.2614287e-002	  1.5756808e-002	  1.4755416e-002	  1.0754197e-002	  4.8354149e-004	 -1.7231166e-002	 -4.9839012e-002	 -8.1450686e-002	 -9.3919747e-002	 -9.3059435e-002	
 -6.3988967e-003	 -1.2433236e-002	 -1.1972233e-002	 -9.5322197e-003	 -3.9185290e-003	 -4.3144129e-005	  2.3751906e-003	  8.5670402e-004	 -3.9550699e-003	 -1.4868177e-002	 -3.2728184e-002	 -6.6595741e-002	 -9.6265264e-002	 -1.0672909e-001	 -1.0629357e-001	
 -1.8508313e-002	 -3.7632264e-002	 -3.7618361e-002	 -3.5852242e-002	 -3.1340003e-002	 -2.7951639e-002	 -2.6117360e-002	 -2.7973149e-002	 -3.3248696e-002	 -4.4273712e-002	 -6.2186860e-002	 -9.5759496e-002	 -1.2224790e-001	 -1.3050970e-001	 -1.2979725e-001	
 -2.0888172e-002	 -4.4819504e-002	 -4.5952454e-002	 -4.4908576e-002	 -4.1799657e-002	 -3.9095715e-002	 -3.7867390e-002	 -4.0245861e-002	 -4.5854855e-002	 -5.6858443e-002	 -7.7007025e-002	 -1.0990839e-001	 -1.3282974e-001	 -1.3946809e-001	 -1.3902694e-001	
 -1.5299378e-002	 -3.5115100e-002	 -3.7991520e-002	 -3.7854768e-002	 -3.6649879e-002	 -3.4764156e-002	 -3.4189157e-002	 -3.7051838e-002	 -4.2935286e-002	 -5.4741833e-002	 -7.9280004e-002	 -1.1188401e-001	 -1.3019758e-001	 -1.3558041e-001	 -1.3545577e-001	
 -1.1757678e-002	 -2.8980492e-002	 -3.4531958e-002	 -3.5620335e-002	 -3.6933314e-002	 -3.6132503e-002	 -3.5977863e-002	 -3.9225962e-002	 -4.5540687e-002	 -5.9124749e-002	 -8.9118026e-002	 -1.2058407e-001	 -1.3254350e-001	 -1.3539377e-001	 -1.3519353e-001	
 -1.5798030e-002	 -3.5210803e-002	 -4.2972695e-002	 -4.5838714e-002	 -4.9720462e-002	 -5.0807420e-002	 -5.1111367e-002	 -5.4992344e-002	 -6.2842391e-002	 -7.9730704e-002	 -1.1490852e-001	 -1.4396730e-001	 -1.5106496e-001	 -1.4940372e-001	 -1.4714941e-001	
 -1.3174557e-002	 -2.6240813e-002	 -3.4657024e-002	 -3.9635126e-002	 -4.6052970e-002	 -4.9659189e-002	 -5.1318694e-002	 -5.6577500e-002	 -6.7074254e-002	 -8.8430434e-002	 -1.2845656e-001	 -1.5536557e-001	 -1.5953568e-001	 -1.5217997e-001	 -1.4493686e-001	
 -1.3223385e-002	 -2.5310446e-002	 -3.2875281e-002	 -4.0086374e-002	 -4.8790712e-002	 -5.5065751e-002	 -5.9237842e-002	 -6.6930518e-002	 -8.0848798e-002	 -1.0705809e-001	 -1.5045264e-001	 -1.7603356e-001	 -1.7845489e-001	 -1.6537312e-001	 -1.5072531e-001	
 -9.9617159e-003	 -1.6574001e-002	 -2.2950523e-002	 -3.1673141e-002	 -4.1933119e-002	 -5.0454244e-002	 -5.7132810e-002	 -6.7571670e-002	 -8.5191615e-002	 -1.1534379e-001	 -1.5978362e-001	 -1.8407601e-001	 -1.8641710e-001	 -1.7346039e-001	 -1.5244062e-001	
  1.4293079e-002	  2.9068962e-002	  2.4229571e-002	  1.4427955e-002	  3.6716585e-003	 -6.1365077e-003	 -1.4684003e-002	 -2.7272269e-002	 -4.7375690e-002	 -7.9417847e-002	 -1.2106308e-001	 -1.4561388e-001	 -1.5293565e-001	 -1.4764589e-001	 -1.2028093e-001	
  3.2577597e-002	  6.4987905e-002	  6.1407764e-002	  5.2009929e-002	  4.1391525e-002	  3.1223936e-002	  2.2197181e-002	  9.1601629e-003	 -1.1161064e-002	 -4.2057224e-002	 -7.9115540e-002	 -1.0679289e-001	 -1.2349703e-001	 -1.2997279e-001	 -9.6433893e-002	
  3.8802054e-002	  7.4586533e-002	  7.2604924e-002	  6.5005846e-002	  5.5348527e-002	  4.5617662e-002	  3.7269950e-002	  2.5236804e-002	  6.9673453e-003	 -2.0046847e-002	 -5.0925825e-002	 -8.0279440e-002	 -1.0541061e-001	 -1.2255388e-001	 -8.8116296e-002	
  3.3996321e-002	  6.5160587e-002	  6.4164951e-002	  5.8436759e-002	  5.0860547e-002	  4.1956432e-002	  3.4632251e-002	  2.4217354e-002	  8.5076001e-003	 -1.4086708e-002	 -3.9246175e-002	 -6.5958820e-002	 -9.4614059e-002	 -1.1848384e-001	 -8.5115761e-002	
  3.5034291e-002	  6.6411391e-002	  6.6117771e-002	  6.1930008e-002	  5.6419592e-002	  4.8927017e-002	  4.2949658e-002	  3.4102678e-002	  2.0618195e-002	  1.9994939e-003	 -1.7407838e-002	 -3.8908612e-002	 -6.5467574e-002	 -9.0094730e-002	 -5.8262579e-002	
  4.0629521e-002	  7.9829544e-002	  8.0399603e-002	  7.7677399e-002	  7.3863015e-002	  6.8073511e-002	  6.3296415e-002	  5.5964936e-002	  4.4499271e-002	  2.9770376e-002	  1.6616503e-002	  2.1288591e-003	 -1.7911334e-002	 -3.4309413e-002	 -9.8322937e-003	
  4.6941254e-002	  9.1921113e-002	  9.3865439e-002	  9.2382833e-002	  8.9838237e-002	  8.5666493e-002	  8.2022898e-002	  7.6034412e-002	  6.6457763e-002	  5.5616818e-002	  4.8845612e-002	  4.2100467e-002	  3.0564420e-002	  2.4472123e-002	  4.7092710e-002	
  3.9913520e-002	  7.6456890e-002	  7.8857265e-002	  7.8301921e-002	  7.6772958e-002	  7.3919550e-002	  7.1458742e-002	  6.6605881e-002	  5.8799725e-002	  5.0977584e-002	  4.8760001e-002	  4.6747874e-002	  3.9997384e-002	  4.1084461e-002	  5.9544183e-002	
  3.0604426e-002	  5.8937036e-002	  6.1049044e-002	  6.1511334e-002	  6.1145555e-002	  5.9511546e-002	  5.8343630e-002	  5.4477267e-002	  4.8459612e-002	  4.2218078e-002	  4.0997531e-002	  3.8903240e-002	  3.0229717e-002	  3.3096585e-002	  4.0359333e-002	
  4.1628148e-002	  8.0601826e-002	  8.2625262e-002	  8.4326543e-002	  8.5117474e-002	  8.4593624e-002	  8.4290728e-002	  8.1478283e-002	  7.7258766e-002	  7.1819186e-002	  6.9486976e-002	  6.4975664e-002	  5.1318079e-002	  4.7573235e-002	  5.3200182e-002	
  4.6103638e-002	  8.8766634e-002	  9.1196835e-002	  9.3475230e-002	  9.5378973e-002	  9.5911294e-002	  9.6404821e-002	  9.4591379e-002	  9.1697037e-002	  8.6943001e-002	  8.2901947e-002	  7.5603239e-002	  5.6392588e-002	  4.5369312e-002	  5.0060112e-002	
  2.0253818e-002	  3.9392635e-002	  4.1047279e-002	  4.3642607e-002	  4.6386540e-002	  4.7665384e-002	  4.8674878e-002	  4.7463078e-002	  4.5443110e-002	  4.1200098e-002	  3.5497032e-002	  2.5070971e-002	  4.9484498e-004	 -1.6898230e-002	 -1.4105321e-002	
  2.0320866e-002	  3.9048109e-002	  3.9760012e-002	  4.1674595e-002	  4.4628829e-002	  4.6352845e-002	  4.7853805e-002	  4.6901498e-002	  4.5256507e-002	  4.1063022e-002	  3.3396367e-002	  1.9219387e-002	 -9.5614977e-003	 -3.1376246e-002	 -2.9987689e-002	
  3.3444639e-002	  6.3651435e-002	  6.4160198e-002	  6.5367207e-002	  6.8065681e-002	  7.0002720e-002	  7.1716823e-002	  7.1037188e-002	  6.9444589e-002	  6.4680710e-002	  5.4928634e-002	  3.6945578e-002	  3.7108320e-003	 -2.1262778e-002	 -2.0823084e-002	
  7.3858174e-003	  1.4537756e-002	  1.4635558e-002	  1.5365450e-002	  1.7654834e-002	  1.9561237e-002	  2.1245638e-002	  2.0644819e-002	  1.8790226e-002	  1.3103389e-002	  1.4135720e-003	 -2.0046066e-002	 -5.7640843e-002	 -8.5528716e-002	 -8.5727267e-002	
 -1.1385136e-003	 -2.9424864e-003	 -3.4923856e-003	 -3.8130158e-003	 -2.3092502e-003	 -6.4514473e-004	  1.0884340e-003	  2.7075948e-004	 -2.0353952e-003	 -8.5185599e-003	 -2.1372754e-002	 -4.5121565e-002	 -8.5490815e-002	 -1.1480585e-001	 -1.1530872e-001	
  2.7810964e-003	  2.9100741e-003	  1.9674869e-003	  1.1202334e-003	  1.8437493e-003	  3.0537944e-003	  4.8017157e-003	  4.1544563e-003	  1.7859407e-003	 -4.6925931e-003	 -1.6418047e-002	 -3.8169283e-002	 -7.7289931e-002	 -1.0764714e-001	 -1.0819083e-001	
 -1.7073594e-002	 -3.7590351e-002	 -3.9213330e-002	 -4.0774319e-002	 -4.0924504e-002	 -4.0251464e-002	 -3.8560376e-002	 -3.8812377e-002	 -4.0892862e-002	 -4.6684943e-002	 -5.6410011e-002	 -7.3615342e-002	 -1.0787405e-001	 -1.3617499e-001	 -1.3623345e-001	
 -2.3643941e-002	 -4.9045280e-002	 -5.1112931e-002	 -5.3334642e-002	 -5.4451361e-002	 -5.4665476e-002	 -5.3218029e-002	 -5.3478617e-002	 -5.5516858e-002	 -6.0791008e-002	 -7.0294119e-002	 -8.6144842e-002	 -1.1649572e-001	 -1.4427043e-001	 -1.4364901e-001	
 -1.7056022e-002	 -3.8662158e-002	 -4.1695829e-002	 -4.4546627e-002	 -4.6778917e-002	 -4.7859304e-002	 -4.7109172e-002	 -4.7687363e-002	 -5.0264478e-002	 -5.6424052e-002	 -6.9053710e-002	 -8.7456763e-002	 -1.1548064e-001	 -1.4232817e-001	 -1.4332850e-001	
 -1.6276410e-002	 -3.9054416e-002	 -4.3337125e-002	 -4.7243837e-002	 -5.0901935e-002	 -5.3240407e-002	 -5.3371988e-002	 -5.4524656e-002	 -5.8033951e-002	 -6.6573657e-002	 -8.4798574e-002	 -1.0614442e-001	 -1.2986439e-001	 -1.5111835e-001	 -1.5341821e-001	
 -1.7557329e-002	 -4.0385105e-002	 -4.5291912e-002	 -5.0622057e-002	 -5.6148920e-002	 -6.0123026e-002	 -6.1460573e-002	 -6.3932300e-002	 -6.9462299e-002	 -8.2200147e-002	 -1.0575437e-001	 -1.2934259e-001	 -1.4393693e-001	 -1.5650061e-001	 -1.5845507e-001	
 -1.3502294e-002	 -2.9190803e-002	 -3.4634724e-002	 -4.1444998e-002	 -4.9268138e-002	 -5.5405620e-002	 -5.8537144e-002	 -6.3535109e-002	 -7.2583526e-002	 -9.0210170e-002	 -1.1894577e-001	 -1.4216730e-001	 -1.4822415e-001	 -1.5205655e-001	 -1.5173291e-001	
 -1.3031303e-002	 -2.6549805e-002	 -3.1381309e-002	 -3.9310642e-002	 -4.9430132e-002	 -5.7794832e-002	 -6.3315295e-002	 -7.1697354e-002	 -8.5174948e-002	 -1.0739245e-001	 -1.3870546e-001	 -1.5823880e-001	 -1.5907598e-001	 -1.5734676e-001	 -1.5594782e-001	
 -1.0855259e-002	 -2.1761417e-002	 -2.5980368e-002	 -3.4767173e-002	 -4.6352047e-002	 -5.6741029e-002	 -6.4687349e-002	 -7.6452285e-002	 -9.4404981e-002	 -1.1962032e-001	 -1.5096149e-001	 -1.6651225e-001	 -1.6608733e-001	 -1.6521823e-001	 -1.6688448e-001	
  1.0718020e-002	  2.0181134e-002	  1.6506987e-002	  6.9192215e-003	 -5.1839282e-003	 -1.6644729e-002	 -2.6112026e-002	 -3.9712116e-002	 -6.0141861e-002	 -8.6109176e-002	 -1.1445883e-001	 -1.2942024e-001	 -1.3418964e-001	 -1.4027786e-001	 -1.4686370e-001	
  3.2047886e-002	  6.1712101e-002	  5.9274379e-002	  4.9748681e-002	  3.7973452e-002	  2.6193896e-002	  1.6339350e-002	  2.7363715e-003	 -1.7370852e-002	 -4.2558175e-002	 -6.6876896e-002	 -8.3644003e-002	 -9.5552154e-002	 -1.1109621e-001	 -1.2176871e-001	
  2.6784180e-002	  5.0487198e-002	  4.9419940e-002	  4.0736649e-002	  3.0049631e-002	  1.8983632e-002	  9.8121045e-003	 -2.4431427e-003	 -2.0055117e-002	 -4.2779826e-002	 -6.4093143e-002	 -8.1877470e-002	 -9.8352745e-002	 -1.2052815e-001	 -1.3403234e-001	
  2.7407454e-002	  5.0832886e-002	  5.0329667e-002	  4.2633820e-002	  3.3432201e-002	  2.3650261e-002	  1.5806453e-002	  5.1878304e-003	 -9.9403877e-003	 -2.9522823e-002	 -4.8337564e-002	 -6.5073319e-002	 -8.2696378e-002	 -1.0762876e-001	 -1.2245496e-001	
  2.7861610e-002	  5.2613404e-002	  5.1634654e-002	  4.5657098e-002	  3.7956495e-002	  2.9658817e-002	  2.3521086e-002	  1.4598113e-002	  1.8292748e-003	 -1.4778437e-002	 -3.0682744e-002	 -4.5318734e-002	 -6.1392091e-002	 -8.5186303e-002	 -9.9605948e-002	
  4.4454001e-002	  8.6068444e-002	  8.5759722e-002	  8.1405044e-002	  7.5582109e-002	  6.8638921e-002	  6.3776448e-002	  5.6404248e-002	  4.5939706e-002	  3.1987131e-002	  1.9095976e-002	  7.1564843e-003	 -5.6045209e-003	 -2.5419895e-002	 -3.8812809e-002	
  5.2831586e-002	  1.0192411e-001	  1.0278115e-001	  9.9268660e-002	  9.5278889e-002	  8.9891158e-002	  8.6247310e-002	  8.0214836e-002	  7.1751043e-002	  6.0168054e-002	  4.9978822e-002	  4.1053895e-002	  3.2483742e-002	  1.6719170e-002	  8.7579293e-003	
  4.1302297e-002	  7.8018203e-002	  7.9509027e-002	  7.7319771e-002	  7.4787199e-002	  7.0924729e-002	  6.8404593e-002	  6.3435435e-002	  5.6569681e-002	  4.7005113e-002	  3.9225478e-002	  3.3146661e-002	  2.8300541e-002	  1.8603703e-002	  1.3709274e-002	
  2.5884202e-002	  4.8340760e-002	  4.9984958e-002	  4.8848156e-002	  4.7625247e-002	  4.5288865e-002	  4.3990739e-002	  3.9782066e-002	  3.4074795e-002	  2.6268575e-002	  2.0596478e-002	  1.6380887e-002	  1.3275746e-002	  8.3775176e-003	  6.4948644e-003	
  3.6700424e-002	  7.0778295e-002	  7.1983770e-002	  7.1705163e-002	  7.1646012e-002	  7.0692688e-002	  7.0488758e-002	  6.7270696e-002	  6.2797770e-002	  5.6301586e-002	  5.2027903e-002	  4.8176739e-002	  4.3868914e-002	  4.1375563e-002	  4.2643756e-002	
  4.7118478e-002	  8.9834750e-002	  9.1478623e-002	  9.2033684e-002	  9.2859298e-002	  9.3019851e-002	  9.3616396e-002	  9.1514327e-002	  8.8322356e-002	  8.2913451e-002	  7.8765139e-002	  7.3451325e-002	  6.5408617e-002	  6.3425347e-002	  6.7405432e-002	
  2.3878708e-002	  4.5250051e-002	  4.6486616e-002	  4.7385331e-002	  4.8792448e-002	  4.9733508e-002	  5.0973218e-002	  4.9775418e-002	  4.7594991e-002	  4.3023650e-002	  3.8290478e-002	  3.0381676e-002	  1.7242238e-002	  1.5282015e-002	  2.0897968e-002	
  2.9366266e-003	  3.6157493e-003	  3.6088258e-003	  4.0193265e-003	  5.6776614e-003	  7.0424820e-003	  8.8015739e-003	  8.0360463e-003	  6.5797959e-003	  2.6173468e-003	 -3.2760228e-003	 -1.4680871e-002	 -3.2719530e-002	 -3.2965399e-002	 -3.2001127e-002	
  2.0109624e-002	  3.6341041e-002	  3.5525180e-002	  3.5494298e-002	  3.6987975e-002	  3.8374078e-002	  4.0199660e-002	  3.9716195e-002	  3.8505830e-002	  3.4460898e-002	  2.6791036e-002	  1.0621566e-002	 -1.3062933e-002	 -1.5146400e-002	 -1.4384820e-002	
  1.7025273e-002	  2.9879615e-002	  2.9012278e-002	  2.8366417e-002	  2.9298313e-002	  3.0347817e-002	  3.2175016e-002	  3.1845063e-002	  3.0478090e-002	  2.5835766e-002	  1.5813049e-002	 -6.0040266e-003	 -3.5301778e-002	 -3.9405789e-002	 -3.8669240e-002	
 -6.8194764e-003	 -1.4520417e-002	 -1.6025567e-002	 -1.7156744e-002	 -1.6708115e-002	 -1.5947690e-002	 -1.4464668e-002	 -1.4941330e-002	 -1.6606538e-002	 -2.1970794e-002	 -3.4339283e-002	 -6.1935589e-002	 -9.5424905e-002	 -1.0114990e-001	 -1.0011373e-001	
 -3.3698243e-003	 -9.2000142e-003	 -1.1488291e-002	 -1.3492355e-002	 -1.3899067e-002	 -1.3491761e-002	 -1.2209395e-002	 -1.2935798e-002	 -1.4959836e-002	 -2.1158833e-002	 -3.6254741e-002	 -6.8041384e-002	 -1.0223827e-001	 -1.0884029e-001	 -1.0721270e-001	
  9.2554852e-005	 -4.9486510e-003	 -7.6876888e-003	 -1.0121983e-002	 -1.1454612e-002	 -1.1466728e-002	 -1.0554193e-002	 -1.1305663e-002	 -1.3445845e-002	 -2.0071693e-002	 -3.7020240e-002	 -7.0764914e-002	 -1.0320415e-001	 -1.0810523e-001	 -1.0547527e-001	
 -1.2619365e-002	 -2.9107101e-002	 -3.2742269e-002	 -3.5958923e-002	 -3.8291186e-002	 -3.8855664e-002	 -3.8347643e-002	 -3.9115660e-002	 -4.1419514e-002	 -4.8686564e-002	 -6.7598492e-002	 -1.0103657e-001	 -1.2942222e-001	 -1.3031653e-001	 -1.2829858e-001	
 -1.8707208e-002	 -4.2107441e-002	 -4.6519283e-002	 -5.0442293e-002	 -5.4083146e-002	 -5.5369683e-002	 -5.5247612e-002	 -5.6282207e-002	 -5.9188291e-002	 -6.7966536e-002	 -9.0512112e-002	 -1.2340236e-001	 -1.4576754e-001	 -1.4350682e-001	 -1.4240484e-001	
 -1.5809624e-002	 -3.8384072e-002	 -4.3761529e-002	 -4.8627079e-002	 -5.3684462e-002	 -5.5990227e-002	 -5.6616116e-002	 -5.8276620e-002	 -6.2396668e-002	 -7.3847711e-002	 -1.0083233e-001	 -1.3288966e-001	 -1.4771733e-001	 -1.4374200e-001	 -1.4249921e-001	
 -1.8852666e-002	 -4.6375714e-002	 -5.2749693e-002	 -5.8625523e-002	 -6.5550424e-002	 -6.9136769e-002	 -7.0787944e-002	 -7.3328733e-002	 -7.9109222e-002	 -9.4010904e-002	 -1.2388336e-001	 -1.5245970e-001	 -1.6023426e-001	 -1.5501432e-001	 -1.5309635e-001	
  1.9131467e-005	 -8.6482987e-003	 -1.5529746e-002	 -2.2623938e-002	 -3.1383943e-002	 -3.6510263e-002	 -3.9390251e-002	 -4.3429654e-002	 -5.1500190e-002	 -6.9015339e-002	 -9.9411182e-002	 -1.2225334e-001	 -1.2588254e-001	 -1.1925317e-001	 -1.1493491e-001	
  1.0818926e-002	  1.7034492e-002	  1.0231569e-002	  2.0324460e-003	 -8.1337001e-003	 -1.5132390e-002	 -1.9635275e-002	 -2.5495028e-002	 -3.6061030e-002	 -5.5831846e-002	 -8.5869916e-002	 -1.0357466e-001	 -1.0341772e-001	 -9.3711607e-002	 -8.5597470e-002	
 -7.2174077e-003	 -1.8242016e-002	 -2.4696281e-002	 -3.4397490e-002	 -4.5542534e-002	 -5.4025114e-002	 -6.0253248e-002	 -6.8251938e-002	 -8.1326723e-002	 -1.0250167e-001	 -1.2953308e-001	 -1.4333110e-001	 -1.4057507e-001	 -1.2694940e-001	 -1.1436351e-001	
 -9.2481459e-003	 -1.9674975e-002	 -2.5811100e-002	 -3.6234617e-002	 -4.7897533e-002	 -5.7493351e-002	 -6.5024488e-002	 -7.4700676e-002	 -8.9618891e-002	 -1.1101988e-001	 -1.3479203e-001	 -1.4608096e-001	 -1.4173320e-001	 -1.2147093e-001	 -1.0989022e-001	
  2.1008812e-002	  4.1551720e-002	  3.5811950e-002	  2.4920505e-002	  1.2920719e-002	  2.8776967e-003	 -5.2188365e-003	 -1.5944354e-002	 -3.1671666e-002	 -5.2259497e-002	 -7.2477043e-002	 -8.2186371e-002	 -7.8148514e-002	 -5.3402703e-002	 -4.4968039e-002	
  2.9256519e-002	  5.5202186e-002	  5.0394692e-002	  4.0023938e-002	  2.8230276e-002	  1.8130852e-002	  1.0228576e-002	 -3.0937538e-004	 -1.5591231e-002	 -3.4933135e-002	 -5.2502252e-002	 -6.1699912e-002	 -5.8783509e-002	 -3.2231983e-002	 -2.6348181e-002	
  3.4291778e-002	  6.3728087e-002	  6.0222503e-002	  5.0842993e-002	  3.9833132e-002	  3.0259980e-002	  2.3013556e-002	  1.3525347e-002	 -1.8965366e-006	 -1.6958049e-002	 -3.1571988e-002	 -4.0668577e-002	 -3.9512545e-002	 -1.3207481e-002	 -8.2606440e-003	
  3.7850298e-002	  7.1343645e-002	  6.8719149e-002	  6.0675204e-002	  5.0841823e-002	  4.1826516e-002	  3.5614900e-002	  2.7584022e-002	  1.6140150e-002	  2.1297624e-003	 -9.1257924e-003	 -1.6791824e-002	 -1.5946884e-002	  9.0832263e-003	  1.3345324e-002	
  3.1605136e-002	  5.8488525e-002	  5.6475975e-002	  4.9477682e-002	  4.1023009e-002	  3.2706629e-002	  2.7510203e-002	  2.0952111e-002	  1.1695904e-002	  9.8287815e-004	 -6.5336227e-003	 -1.2466127e-002	 -1.1767827e-002	  1.1049192e-002	  1.5141640e-002	
  3.8543276e-002	  7.1918517e-002	  7.1027167e-002	  6.5107472e-002	  5.7907950e-002	  5.0519101e-002	  4.5921143e-002	  4.0739372e-002	  3.3703458e-002	  2.5747798e-002	  2.1360258e-002	  1.6248409e-002	  1.5624858e-002	  3.6772151e-002	  4.0968738e-002	
  4.7837388e-002	  9.0350002e-002	  9.1004044e-002	  8.5964374e-002	  7.9778649e-002	  7.3534876e-002	  6.9686845e-002	  6.5543994e-002	  6.0553141e-002	  5.5270083e-002	  5.2949984e-002	  4.8144527e-002	  4.5103468e-002	  6.3734122e-002	  6.8112113e-002	
  3.8605638e-002	  7.1886837e-002	  7.3078051e-002	  6.9586858e-002	  6.4591698e-002	  5.9466053e-002	  5.6321818e-002	  5.2999478e-002	  4.9740020e-002	  4.6829369e-002	  4.6465877e-002	  4.1564196e-002	  3.4231521e-002	  5.0665803e-002	  5.4998763e-002	
  2.7338777e-002	  5.1503450e-002	  5.2910712e-002	  5.0429929e-002	  4.6640869e-002	  4.2705994e-002	  4.0509183e-002	  3.8058028e-002	  3.6244076e-002	  3.5514925e-002	  3.6215648e-002	  3.0308407e-002	  1.7632671e-002	  3.1790912e-002	  3.5888497e-002	
  3.3984721e-002	  6.4758427e-002	  6.6134438e-002	  6.4551830e-002	  6.1834030e-002	  5.9040166e-002	  5.7662576e-002	  5.6069650e-002	  5.5722423e-002	  5.6480117e-002	  5.7296585e-002	  4.9078438e-002	  3.0298755e-002	  4.1947145e-002	  4.5926753e-002	
  3.2322831e-002	  6.1620012e-002	  6.3228711e-002	  6.2034808e-002	  6.0131565e-002	  5.8253773e-002	  5.7620697e-002	  5.6923449e-002	  5.7711549e-002	  5.9464350e-002	  5.9310988e-002	  4.7902897e-002	  2.3382116e-002	  3.1656105e-002	  3.4456659e-002	
  6.5586674e-003	  1.2890282e-002	  1.3330160e-002	  1.1901880e-002	  1.0460461e-002	  9.3265492e-003	  9.5075676e-003	  9.5795551e-003	  1.1345833e-002	  1.3592499e-002	  1.1462423e-002	 -4.0497589e-003	 -3.1952649e-002	 -2.7848326e-002	 -2.6373904e-002	
  1.3655483e-002	  2.4708867e-002	  2.3971217e-002	  2.2057381e-002	  2.0882973e-002	  2.0344041e-002	  2.1231981e-002	  2.2054097e-002	  2.4474548e-002	  2.6364865e-002	  2.1644359e-002	  2.6738306e-003	 -2.6359547e-002	 -2.5720701e-002	 -2.4482431e-002	
  1.3875788e-002	  2.7655471e-002	  2.6122635e-002	  2.3741504e-002	  2.2662638e-002	  2.2561530e-002	  2.4194537e-002	  2.5654359e-002	  2.8370230e-002	  2.9604668e-002	  2.3916570e-002	  4.5974595e-003	 -2.3847472e-002	 -2.4344470e-002	 -2.2934042e-002	
 -1.1927724e-002	 -2.4181783e-002	 -2.6376097e-002	 -2.8995385e-002	 -3.0076571e-002	 -2.9568525e-002	 -2.7073005e-002	 -2.4818564e-002	 -2.1847075e-002	 -2.0408928e-002	 -2.2621257e-002	 -3.8050652e-002	 -6.3769296e-002	 -6.3409626e-002	 -6.2355869e-002	
 -1.8178711e-002	 -3.8543314e-002	 -4.1481849e-002	 -4.4553559e-002	 -4.5686986e-002	 -4.4508684e-002	 -4.1038588e-002	 -3.7798569e-002	 -3.4084983e-002	 -3.0007012e-002	 -2.5494363e-002	 -3.6270589e-002	 -5.7520606e-002	 -5.7884604e-002	 -5.7248235e-002	
 -1.4437050e-002	 -3.7475914e-002	 -4.1809071e-002	 -4.4846829e-002	 -4.6733376e-002	 -4.5350481e-002	 -4.1162919e-002	 -3.6995281e-002	 -3.2457367e-002	 -2.5634034e-002	 -1.5548049e-002	 -2.2745389e-002	 -4.1879978e-002	 -4.2125832e-002	 -4.1491266e-002	
 -2.4954760e-002	 -6.4177908e-002	 -7.1081005e-002	 -7.4627027e-002	 -7.8016996e-002	 -7.6948255e-002	 -7.2321385e-002	 -6.7390613e-002	 -6.2114142e-002	 -5.4089021e-002	 -4.3640796e-002	 -4.9369834e-002	 -6.7596167e-002	 -6.7475341e-002	 -6.6636212e-002	
 -2.8429767e-002	 -7.2428674e-002	 -8.3430640e-002	 -8.7555721e-002	 -9.3107969e-002	 -9.2609800e-002	 -8.7541476e-002	 -8.2275592e-002	 -7.6715522e-002	 -6.9203958e-002	 -6.2785655e-002	 -7.1021274e-002	 -8.8095233e-002	 -8.8208228e-002	 -8.7697342e-002	
 -1.8011563e-002	 -4.8100099e-002	 -6.2470634e-002	 -6.7760020e-002	 -7.5026333e-002	 -7.5490460e-002	 -7.0756659e-002	 -6.5829620e-002	 -6.1225206e-002	 -5.7617102e-002	 -5.7407428e-002	 -6.8158090e-002	 -8.3803125e-002	 -8.4009789e-002	 -8.3870709e-002	
 -1.3744766e-002	 -3.8152687e-002	 -5.4757681e-002	 -6.1685387e-002	 -7.0929594e-002	 -7.2685793e-002	 -6.9025882e-002	 -6.5657869e-002	 -6.4056449e-002	 -6.7027658e-002	 -7.1054660e-002	 -8.0520764e-002	 -9.2918441e-002	 -9.3059763e-002	 -9.2893660e-002	
 -1.9979898e-002	 -4.8940517e-002	 -6.5257162e-002	 -7.4162439e-002	 -8.5224032e-002	 -8.9158274e-002	 -8.7245598e-002	 -8.6953253e-002	 -9.0250775e-002	 -9.9163085e-002	 -1.0528705e-001	 -1.0971791e-001	 -1.1376601e-001	 -1.1351530e-001	 -1.1296998e-001	
 -6.1700330e-003	 -1.8972952e-002	 -3.3960644e-002	 -4.4331510e-002	 -5.6761596e-002	 -6.3074969e-002	 -6.3841566e-002	 -6.7260027e-002	 -7.6254010e-002	 -8.8891447e-002	 -9.5678173e-002	 -9.4323799e-002	 -8.8847384e-002	 -8.6305782e-002	 -8.5163862e-002	
  1.1020660e-002	  1.5612996e-002	  2.0870769e-003	 -8.8279219e-003	 -2.2288142e-002	 -3.0562209e-002	 -3.3877555e-002	 -4.0837344e-002	 -5.4450594e-002	 -6.8673342e-002	 -7.4597381e-002	 -6.8153687e-002	 -5.5698305e-002	 -4.9141917e-002	 -4.7273733e-002	
